30
-33
-33
-32
-34
-33
-33
-33
-34
-34
30
31
29
31
31
30
30
31
31
-33
-34
-33
-33
-33
-32
-33
-34
-33
-33
31
30
31
30
30
29
29
31
31
33
31
30
31
31
31
30
31
30
30
29
30
30
30
-34
-33
-34
-33
-34
-34
-33
-34
-34
-35
-33
-34
-34
-34
-33
-34
-34
-33
-33
-34
-34
31
29
30
30
32
30
30
30
30
-33
-33
-33
-33
-34
-33
-33
-33
-33
31
30
30
31
31
31
30
32
32
-33
-33
-34
-34
-33
-33
-32
-32
30
30
32
31
30
29
31
31
31
30
-33
-32
-33
-34
-33
-33
-34
-33
-33
-33
-33
-33
-33
-32
-33
-33
-33
-33
-33
-33
-33
-32
-32
32
32
32
32
32
32
31
32
31
31
33
32
31
32
32
31
32
32
33
32
31
-32
-32
-33
-33
-31
-34
-32
-33
-32
31
31
30
31
30
30
31
31
31
-33
-32
-33
-33
-32
-33
-33
-33
-32
30
30
30
31
31
31
29
32
-33
-33
-33
-34
-33
-33
-32
-34
-32
-33
31
32
32
30
31
31
31
31
32
29
31
30
30
30
31
32
30
31
31
30
30
30
-33
-33
-34
-35
-33
-34
-35
-33
-34
-34
-33
-34
-34
-33
-33
-34
-34
-33
-34
-34
-34
-33
-34
30
31
30
30
30
32
29
31
-33
-33
-34
-32
-33
-33
-34
-34
-32
30
30
31
31
31
31
31
30
31
-33
-33
-33
-33
-32
-33
-32
-33
-33
30
31
31
31
30
31
32
30
32
-33
-33
-33
-33
-33
-32
-32
-33
-33
-34
-32
-33
-33
-33
-33
-32
-33
-32
-33
-33
-32
-30
31
31
32
31
32
32
31
33
31
33
32
32
32
32
33
33
31
32
32
33
31
32
32
-32
-33
-33
-32
-33
-32
-33
-33
-33
29
31
31
31
31
30
31
30
30
-32
-33
-34
-32
-34
-33
-33
-33
29
30
30
30
31
32
31
30
31
-32
-35
-34
-33
-34
-33
-32
-32
-33
31
30
31
32
32
31
30
30
31
30
29
31
30
31
31
31
30
30
30
31
31
30
-33
-34
-34
-34
-33
-34
-34
-34
-35
-33
-34
-34
-34
-34
-34
-33
-34
-34
-34
-34
-32
-33
-33
31
30
30
31
31
31
30
31
30
-33
-33
-33
-33
-33
-32
-33
-33
-33
31
30
31
31
31
30
31
31
29
-32
-33
-33
-33
-32
-32
-33
-33
31
31
32
31
31
32
31
31
30
-33
-33
-33
-33
-33
-34
-34
-33
-33
-33
-33
-33
-33
-33
-33
-32
-33
-32
-33
-34
-33
-33
31
31
31
32
