-0.145
-0.145
-0.145
-0.145
-0.145
-0.145
-0.145
-0.145
-0.145
-0.145
-0.145
-0.145
-0.145
-0.145
-0.145
-0.145
-0.145
-0.145
-0.145
-0.145
-0.136667
-0.128333
-0.12
-0.125
-0.13
-0.135
-0.138333
-0.141667
-0.145
-0.146667
-0.148333
-0.15
-0.155
-0.16
-0.158333
-0.156667
-0.155
-0.156667
-0.158333
-0.16
-0.165
-0.17
-0.175
-0.1775
-0.18
-0.181667
-0.183333
-0.185
-0.18
-0.175
-0.17
-0.165
-0.16
-0.155
-0.161667
-0.168333
-0.175
-0.1775
-0.18
-0.183333
-0.186667
-0.19
-0.186667
-0.183333
-0.18
-0.171667
-0.163333
-0.155
-0.145
-0.135
-0.141667
-0.148333
-0.155
-0.166667
-0.178333
-0.19
-0.195
-0.2
-0.205
-0.215
-0.225
-0.235
-0.23
-0.225
-0.231667
-0.238333
-0.245
-0.246667
-0.248333
-0.25
-0.253333
-0.256667
-0.26
-0.2675
-0.275
-0.275
-0.275
-0.275
-0.275
-0.275
-0.275
-0.271667
-0.268333
-0.265
-0.261667
-0.258333
-0.255
-0.26
-0.265
-0.268333
-0.271667
-0.275
-0.28
-0.285
-0.29
-0.29
-0.29
-0.29
-0.29
-0.29
-0.29
-0.29
-0.29
-0.288333
-0.286667
-0.285
-0.288333
-0.291667
-0.295
-0.298333
-0.301667
-0.305
-0.295
-0.285
-0.281667
-0.278333
-0.275
-0.275
-0.275
-0.275
-0.276667
-0.278333
-0.28
-0.2825
-0.285
-0.291667
-0.298333
-0.305
-0.3
-0.295
-0.29
-0.293333
-0.296667
-0.3
-0.293333
-0.286667
-0.28
-0.285
-0.29
-0.293333
-0.296667
-0.3
-0.305
-0.31
-0.315
-0.316667
-0.318333
-0.32
-0.3275
-0.335
-0.343333
-0.351667
-0.36
-0.368333
-0.376667
-0.385
-0.385
-0.385
-0.385
-0.391667
-0.398333
-0.405
-0.43
-0.455
-0.465
-0.475
-0.485
-0.485
-0.485
-0.485
-0.465
-0.445
-0.425
-0.3775
-0.33
-0.293333
-0.256667
-0.22
-0.17
-0.12
-0.07
-0.00666667
0.0566667
0.12
0.205
0.29
0.375
0.4975
0.62
0.673333
0.726667
0.78
0.8
0.82
0.84
0.815
0.79
0.765
0.6425
0.52
0.403333
0.286667
0.17
0.0583333
-0.0533333
-0.165
-0.231667
-0.298333
-0.365
-0.388333
-0.411667
-0.435
-0.43
-0.425
-0.406667
-0.388333
-0.37
-0.356667
-0.343333
-0.33
-0.328333
-0.326667
-0.325
-0.33
-0.335
-0.338333
-0.341667
-0.345
-0.34
-0.335
-0.33
-0.328333
-0.326667
-0.325
-0.321667
-0.318333
-0.315
-0.3125
-0.31
-0.313333
-0.316667
-0.32
-0.325
-0.33
-0.335
-0.336667
-0.338333
-0.34
-0.3325
-0.325
-0.331667
-0.338333
-0.345
-0.341667
-0.338333
-0.335
-0.333333
-0.331667
-0.33
-0.331667
-0.333333
-0.335
-0.3325
-0.33
-0.328333
-0.326667
-0.325
-0.326667
-0.328333
-0.33
-0.33
-0.33
-0.33
-0.3375
-0.345
-0.348333
-0.351667
-0.355
-0.348333
-0.341667
-0.335
-0.331667
-0.328333
-0.325
-0.318333
-0.311667
-0.305
-0.3125
-0.32
-0.32
-0.32
-0.32
-0.323333
-0.326667
-0.33
-0.333333
-0.336667
-0.34
-0.3375
-0.335
-0.336667
-0.338333
-0.34
-0.341667
-0.343333
-0.345
-0.348333
-0.351667
-0.355
-0.355
-0.355
-0.355
-0.3475
-0.34
-0.336667
-0.333333
-0.33
-0.33
-0.33
-0.33
-0.33
-0.33
-0.33
-0.335
-0.34
-0.343333
-0.346667
-0.35
-0.341667
-0.333333
-0.325
-0.325
-0.325
-0.325
-0.326667
-0.328333
-0.33
-0.33
-0.33
-0.331667
-0.333333
-0.335
-0.335
-0.335
-0.335
-0.336667
-0.338333
-0.34
-0.335
-0.33
-0.333333
-0.336667
-0.34
-0.343333
-0.346667
-0.35
-0.351667
-0.353333
-0.355
-0.353333
-0.351667
-0.35
-0.3475
-0.345
-0.34
-0.335
-0.33
-0.326667
-0.323333
-0.32
-0.325
-0.33
-0.335
-0.3325
-0.33
-0.335
-0.34
-0.345
-0.34
-0.335
-0.33
-0.331667
-0.333333
-0.335
-0.335
-0.335
-0.335
-0.34
-0.345
-0.345
-0.345
-0.345
-0.348333
-0.351667
-0.355
-0.35
-0.345
-0.34
-0.34
-0.34
-0.338333
-0.336667
-0.335
-0.333333
-0.331667
-0.33
-0.336667
-0.343333
-0.35
-0.35
-0.35
-0.35
-0.3475
-0.345
-0.341667
-0.338333
-0.335
-0.335
-0.335
-0.335
-0.335
-0.335
-0.335
-0.3425
-0.35
-0.351667
-0.353333
-0.355
-0.355
-0.355
-0.355
-0.351667
-0.348333
-0.345
-0.345
-0.345
-0.345
-0.34
-0.335
-0.34
-0.345
-0.35
-0.353333
-0.356667
-0.36
-0.36
-0.36
-0.36
-0.36
-0.36
-0.361667
-0.363333
-0.365
-0.363333
-0.361667
-0.36
-0.363333
-0.366667
-0.37
-0.375
-0.38
-0.385
-0.3775
-0.37
-0.366667
-0.363333
-0.36
-0.358333
-0.356667
-0.355
-0.356667
-0.358333
-0.36
-0.3675
-0.375
-0.375
-0.375
-0.375
-0.371667
-0.368333
-0.365
-0.365
-0.365
-0.365
-0.363333
-0.361667
-0.36
-0.36
-0.36
-0.361667
-0.363333
-0.365
-0.366667
-0.368333
-0.37
-0.365
-0.36
-0.355
-0.3425
-0.33
-0.328333
-0.326667
-0.325
-0.325
-0.325
-0.325
-0.328333
-0.331667
-0.335
-0.336667
-0.338333
-0.34
-0.3275
-0.315
-0.31
-0.305
-0.3
-0.3
-0.3
-0.3
-0.296667
-0.293333
-0.29
-0.2925
-0.295
-0.293333
-0.291667
-0.29
-0.288333
-0.286667
-0.285
-0.281667
-0.278333
-0.275
-0.268333
-0.261667
-0.255
-0.2525
-0.25
-0.25
-0.25
-0.25
-0.255
-0.26
-0.265
-0.261667
-0.258333
-0.255
-0.25
-0.245
-0.24
-0.235
-0.23
-0.235
-0.24
-0.245
-0.245
-0.245
-0.245
-0.248333
-0.251667
-0.255
-0.255
-0.255
-0.25
-0.245
-0.24
-0.243333
-0.246667
-0.25
-0.251667
-0.253333
-0.255
-0.25
-0.245
-0.248333
-0.251667
-0.255
-0.253333
-0.251667
-0.25
-0.25
-0.25
-0.25
-0.255
-0.26
-0.265
-0.2625
-0.26
-0.26
-0.26
-0.26
-0.261667
-0.263333
-0.265
-0.266667
-0.268333
-0.27
-0.2675
-0.265
-0.263333
-0.261667
-0.26
-0.265
-0.27
-0.275
-0.276667
-0.278333
-0.28
-0.283333
-0.286667
-0.29
-0.2825
-0.275
-0.273333
-0.271667
-0.27
-0.266667
-0.263333
-0.26
-0.266667
-0.273333
-0.28
-0.28
-0.28
-0.281667
-0.283333
-0.285
-0.281667
-0.278333
-0.275
-0.275
-0.275
-0.275
-0.271667
-0.268333
-0.265
-0.2675
-0.27
-0.275
-0.28
-0.285
-0.286667
-0.288333
-0.29
-0.286667
-0.283333
-0.28
-0.2775
-0.275
-0.278333
-0.281667
-0.285
-0.283333
-0.281667
-0.28
-0.286667
-0.293333
-0.3
-0.3
-0.3
-0.3
-0.3025
-0.305
-0.301667
-0.298333
-0.295
-0.296667
-0.298333
-0.3
-0.303333
-0.306667
-0.31
-0.31
-0.31
-0.308333
-0.306667
-0.305
-0.301667
-0.298333
-0.295
-0.291667
-0.288333
-0.285
-0.285
-0.285
-0.285
-0.2875
-0.29
-0.291667
-0.293333
-0.295
-0.3
-0.305
-0.31
-0.303333
-0.296667
-0.29
-0.2925
-0.295
-0.296667
-0.298333
-0.3
-0.301667
-0.303333
-0.305
-0.306667
-0.308333
-0.31
-0.315
-0.32
-0.325
-0.3175
-0.31
-0.306667
-0.303333
-0.3
-0.296667
-0.293333
-0.29
-0.296667
-0.303333
-0.31
-0.3175
-0.325
-0.326667
-0.328333
-0.33
-0.325
-0.32
-0.315
-0.31
-0.305
-0.3
-0.301667
-0.303333
-0.305
-0.3075
-0.31
-0.313333
-0.316667
-0.32
-0.323333
-0.326667
-0.33
-0.328333
-0.326667
-0.325
-0.32
-0.315
-0.313333
-0.311667
-0.31
-0.308333
-0.306667
-0.305
-0.305
-0.305
-0.305
-0.306667
-0.308333
-0.31
-0.305
-0.3
-0.301667
-0.303333
-0.305
-0.3
-0.295
-0.29
-0.293333
-0.296667
-0.3
-0.3
-0.3
-0.301667
-0.303333
-0.305
-0.305
-0.305
-0.305
-0.3
-0.295
-0.29
-0.286667
-0.283333
-0.28
-0.2875
-0.295
-0.298333
-0.301667
-0.305
-0.308333
-0.311667
-0.315
-0.311667
-0.308333
-0.305
-0.3
-0.295
-0.293333
-0.291667
-0.29
-0.286667
-0.283333
-0.28
-0.276667
-0.273333
-0.27
-0.271667
-0.273333
-0.275
-0.275
-0.275
-0.273333
-0.271667
-0.27
-0.263333
-0.256667
-0.25
-0.25
-0.25
-0.25
-0.2525
-0.255
-0.245
-0.235
-0.225
-0.223333
-0.221667
-0.22
-0.215
-0.21
-0.205
-0.203333
-0.201667
-0.2
-0.2025
-0.205
-0.208333
-0.211667
-0.215
-0.22
-0.225
-0.23
-0.226667
-0.223333
-0.22
-0.2225
-0.225
-0.225
-0.225
-0.225
-0.225
-0.225
-0.225
-0.226667
-0.228333
-0.23
-0.231667
-0.233333
-0.235
-0.2375
-0.24
-0.238333
-0.236667
-0.235
-0.23
-0.225
-0.22
-0.216667
-0.213333
-0.21
-0.2075
-0.205
-0.218333
-0.231667
-0.245
-0.258333
-0.271667
-0.285
-0.285
-0.285
-0.285
-0.29
-0.295
-0.3
-0.305
-0.31
-0.316667
-0.323333
-0.33
-0.33
-0.33
-0.33
-0.328333
-0.326667
-0.325
-0.32
-0.315
-0.316667
-0.318333
-0.32
-0.318333
-0.316667
-0.315
-0.318333
-0.321667
-0.325
-0.33
-0.335
-0.34
-0.3425
-0.345
-0.343333
-0.341667
-0.34
-0.34
-0.34
-0.34
-0.343333
-0.346667
-0.35
-0.3475
-0.345
-0.348333
-0.351667
-0.355
-0.346667
-0.338333
-0.33
-0.331667
-0.333333
-0.335
-0.333333
-0.331667
-0.33
-0.325
-0.32
-0.328333
-0.336667
-0.345
-0.348333
-0.351667
-0.355
-0.35
-0.345
-0.34
-0.335
-0.33
-0.328333
-0.326667
-0.325
-0.326667
-0.328333
-0.33
-0.336667
-0.343333
-0.35
-0.355
-0.36
-0.365
-0.3625
-0.36
-0.366667
-0.373333
-0.38
-0.395
-0.41
-0.425
-0.431667
-0.438333
-0.445
-0.46
-0.475
-0.486667
-0.498333
-0.51
-0.518333
-0.526667
-0.535
-0.525
-0.515
-0.505
-0.475
-0.445
-0.415
-0.3575
-0.3
-0.253333
-0.206667
-0.16
-0.111667
-0.0633333
-0.015
0.0683333
0.151667
0.235
0.3625
0.49
0.566667
0.643333
0.72
0.771667
0.823333
0.875
0.896667
0.918333
0.94
0.928333
0.916667
0.905
0.83
0.755
0.666667
0.578333
0.49
0.381667
0.273333
0.165
0.0733333
-0.0183333
-0.11
-0.19
-0.27
-0.31
-0.35
-0.39
-0.41
-0.43
-0.45
-0.458333
-0.466667
-0.475
-0.468333
-0.461667
-0.455
-0.44
-0.425
-0.413333
-0.401667
-0.39
-0.39
-0.39
-0.39
-0.388333
-0.386667
-0.385
-0.3875
-0.39
-0.386667
-0.383333
-0.38
-0.38
-0.38
-0.38
-0.38
-0.38
-0.38
-0.385
-0.39
-0.395
-0.39
-0.385
-0.385
-0.385
-0.385
-0.385
-0.385
-0.385
-0.381667
-0.378333
-0.375
-0.385
-0.395
-0.4
-0.405
-0.41
-0.41
-0.41
-0.41
-0.406667
-0.403333
-0.4
-0.398333
-0.396667
-0.395
-0.3925
-0.39
-0.395
-0.4
-0.405
-0.401667
-0.398333
-0.395
-0.391667
-0.388333
-0.385
-0.38
-0.375
-0.38
-0.385
-0.39
-0.39
-0.39
-0.39
-0.395
-0.4
-0.405
-0.406667
-0.408333
-0.41
-0.41
-0.41
-0.403333
-0.396667
-0.39
-0.39
-0.39
-0.39
-0.391667
-0.393333
-0.395
-0.4
-0.405
-0.408333
-0.411667
-0.415
-0.41
-0.405
-0.4
-0.403333
-0.406667
-0.41
-0.408333
-0.406667
-0.405
-0.4075
-0.41
-0.411667
-0.413333
-0.415
-0.413333
-0.411667
-0.41
-0.406667
-0.403333
-0.4
-0.4
-0.4
-0.398333
-0.396667
-0.395
-0.393333
-0.391667
-0.39
-0.395
-0.4
-0.405
-0.406667
-0.408333
-0.41
-0.4
-0.39
-0.39
-0.39
-0.39
-0.388333
-0.386667
-0.385
-0.385
-0.385
-0.385
-0.3975
-0.41
-0.408333
-0.406667
-0.405
-0.401667
-0.398333
-0.395
-0.393333
-0.391667
-0.39
-0.385
-0.38
-0.375
-0.3825
-0.39
-0.391667
-0.393333
-0.395
-0.4
-0.405
-0.41
-0.406667
-0.403333
-0.4
-0.395
-0.39
-0.39
-0.39
-0.39
-0.388333
-0.386667
-0.385
-0.391667
-0.398333
-0.405
-0.408333
-0.411667
-0.415
-0.415
-0.415
-0.41
-0.405
-0.4
-0.398333
-0.396667
-0.395
-0.398333
-0.401667
-0.405
-0.41
-0.415
-0.416667
-0.418333
-0.42
-0.42
-0.42
-0.42
-0.416667
-0.413333
-0.41
-0.411667
-0.413333
-0.415
-0.42
-0.425
-0.423333
-0.421667
-0.42
-0.425
-0.43
-0.435
-0.433333
-0.431667
-0.43
-0.43
-0.43
-0.426667
-0.423333
-0.42
-0.423333
-0.426667
-0.43
-0.436667
-0.443333
-0.45
-0.451667
-0.453333
-0.455
-0.4525
-0.45
-0.445
-0.44
-0.435
-0.438333
-0.441667
-0.445
-0.446667
-0.448333
-0.45
-0.4525
-0.455
-0.46
-0.465
-0.47
-0.466667
-0.463333
-0.46
-0.458333
-0.456667
-0.455
-0.453333
-0.451667
-0.45
-0.4525
-0.455
-0.46
-0.465
-0.47
-0.471667
-0.473333
-0.475
-0.47
-0.465
-0.46
-0.455
-0.45
-0.448333
-0.446667
-0.445
-0.443333
-0.441667
-0.44
-0.438333
-0.436667
-0.435
-0.436667
-0.438333
-0.44
-0.425
-0.41
-0.405
-0.4
-0.395
-0.386667
-0.378333
-0.37
-0.368333
-0.366667
-0.365
-0.3625
-0.36
-0.361667
-0.363333
-0.365
-0.356667
-0.348333
-0.34
-0.335
-0.33
-0.325
-0.321667
-0.318333
-0.315
-0.3175
-0.32
-0.323333
-0.326667
-0.33
-0.33
-0.33
-0.33
-0.326667
-0.323333
-0.32
-0.315
-0.31
-0.306667
-0.303333
-0.3
-0.3
-0.3
-0.3
-0.306667
-0.313333
-0.32
-0.32
-0.32
-0.32
-0.3175
-0.315
-0.311667
-0.308333
-0.305
-0.305
-0.305
-0.305
-0.301667
-0.298333
-0.295
-0.3075
-0.32
-0.323333
-0.326667
-0.33
-0.321667
-0.313333
-0.305
-0.306667
-0.308333
-0.31
-0.306667
-0.303333
-0.3
-0.3
-0.3
-0.306667
-0.313333
-0.32
-0.321667
-0.323333
-0.325
-0.32
-0.315
-0.31
-0.3075
-0.305
-0.308333
-0.311667
-0.315
-0.311667
-0.308333
-0.305
-0.308333
-0.311667
-0.315
-0.315
-0.315
-0.315
-0.3125
-0.31
-0.305
-0.3
-0.295
-0.293333
-0.291667
-0.29
-0.295
-0.3
-0.305
-0.3075
-0.31
-0.313333
-0.316667
-0.32
-0.318333
-0.316667
-0.315
-0.31
-0.305
-0.3
-0.305
-0.31
-0.315
-0.315
-0.315
-0.315
-0.315
-0.315
-0.32
-0.325
-0.33
-0.325
-0.32
-0.315
-0.3175
-0.32
-0.318333
-0.316667
-0.315
-0.318333
-0.321667
-0.325
-0.328333
-0.331667
-0.335
-0.336667
-0.338333
-0.34
-0.3375
-0.335
-0.335
-0.335
-0.335
-0.333333
-0.331667
-0.33
-0.328333
-0.326667
-0.325
-0.335
-0.345
-0.346667
-0.348333
-0.35
-0.348333
-0.346667
-0.345
-0.341667
-0.338333
-0.335
-0.333333
-0.331667
-0.33
-0.33
-0.33
-0.335
-0.34
-0.345
-0.345
-0.345
-0.345
-0.345
-0.345
-0.345
-0.3325
-0.32
-0.323333
-0.326667
-0.33
-0.331667
-0.333333
-0.335
-0.336667
-0.338333
-0.34
-0.345
-0.35
-0.355
-0.345
-0.335
-0.333333
-0.331667
-0.33
-0.33
-0.33
-0.33
-0.331667
-0.333333
-0.335
-0.345
-0.355
-0.356667
-0.358333
-0.36
-0.358333
-0.356667
-0.355
-0.353333
-0.351667
-0.35
-0.346667
-0.343333
-0.34
-0.3425
-0.345
-0.345
-0.345
-0.345
-0.345
-0.345
-0.345
-0.345
-0.345
-0.345
-0.3375
-0.33
-0.33
-0.33
-0.33
-0.331667
-0.333333
-0.335
-0.338333
-0.341667
-0.345
-0.346667
-0.348333
-0.35
-0.35
-0.35
-0.346667
-0.343333
-0.34
-0.336667
-0.333333
-0.33
-0.335
-0.34
-0.345
-0.345
-0.345
-0.348333
-0.351667
-0.355
-0.353333
-0.351667
-0.35
-0.346667
-0.343333
-0.34
-0.336667
-0.333333
-0.33
-0.335
-0.34
-0.34
-0.34
-0.34
-0.34
-0.34
-0.34
-0.336667
-0.333333
-0.33
-0.3325
-0.335
-0.333333
-0.331667
-0.33
-0.331667
-0.333333
-0.335
-0.338333
-0.341667
-0.345
-0.345
-0.345
-0.345
-0.3425
-0.34
-0.336667
-0.333333
-0.33
-0.325
-0.32
-0.315
-0.308333
-0.301667
-0.295
-0.2975
-0.3
-0.298333
-0.296667
-0.295
-0.291667
-0.288333
-0.285
-0.281667
-0.278333
-0.275
-0.271667
-0.268333
-0.265
-0.265
-0.265
-0.265
-0.265
-0.265
-0.261667
-0.258333
-0.255
-0.253333
-0.251667
-0.25
-0.245
-0.24
-0.235
-0.23
-0.225
-0.221667
-0.218333
-0.215
-0.223333
-0.231667
-0.24
-0.241667
-0.243333
-0.245
-0.2425
-0.24
-0.241667
-0.243333
-0.245
-0.241667
-0.238333
-0.235
-0.238333
-0.241667
-0.245
-0.2475
-0.25
-0.258333
-0.266667
-0.275
-0.275
-0.275
-0.275
-0.271667
-0.268333
-0.265
-0.26
-0.255
-0.25
-0.2375
-0.225
-0.223333
-0.221667
-0.22
-0.223333
-0.226667
-0.23
-0.241667
-0.253333
-0.265
-0.2675
-0.27
-0.273333
-0.276667
-0.28
-0.281667
-0.283333
-0.285
-0.291667
-0.298333
-0.305
-0.31
-0.315
-0.32
-0.33
-0.34
-0.336667
-0.333333
-0.33
-0.331667
-0.333333
-0.335
-0.335
-0.335
-0.335
-0.345
-0.355
-0.36
-0.365
-0.37
-0.366667
-0.363333
-0.36
-0.355
-0.35
-0.345
-0.346667
-0.348333
-0.35
-0.3525
-0.355
-0.358333
-0.361667
-0.365
-0.368333
-0.371667
-0.375
-0.376667
-0.378333
-0.38
-0.375
-0.37
-0.368333
-0.366667
-0.365
-0.365
-0.365
-0.365
-0.37
-0.375
-0.38
-0.381667
-0.383333
-0.385
-0.3825
-0.38
-0.378333
-0.376667
-0.375
-0.368333
-0.361667
-0.355
-0.36
-0.365
-0.37
-0.38
-0.39
-0.395
-0.4
-0.405
-0.406667
-0.408333
-0.41
-0.418333
-0.426667
-0.435
-0.445
-0.455
-0.465
-0.4775
-0.49
-0.5
-0.51
-0.52
-0.531667
-0.543333
-0.555
-0.56
-0.565
-0.57
-0.5475
-0.525
-0.485
-0.445
-0.405
-0.353333
-0.301667
-0.25
-0.196667
-0.143333
-0.09
-0.02
0.05
0.12
0.265
0.41
0.503333
0.596667
0.69
0.755
0.82
0.885
0.91
0.935
0.96
0.905
0.85
0.74
0.63
0.52
0.363333
0.206667
0.05
-0.0733333
-0.196667
-0.32
-0.38
-0.44
-0.5
-0.5025
-0.505
-0.485
-0.465
-0.445
-0.435
-0.425
-0.415
-0.408333
-0.401667
-0.395
-0.3925
-0.39
-0.391667
-0.393333
-0.395
-0.393333
-0.391667
-0.39
-0.391667
-0.393333
-0.395
-0.398333
-0.401667
-0.405
-0.4
-0.395
-0.398333
-0.401667
-0.405
-0.4
-0.395
-0.39
-0.391667
-0.393333
-0.395
-0.395
-0.395
-0.4
-0.405
-0.41
-0.408333
-0.406667
-0.405
-0.403333
-0.401667
-0.4
-0.4
-0.4
-0.4
-0.4075
-0.415
-0.411667
-0.408333
-0.405
-0.41
-0.415
-0.42
-0.418333
-0.416667
-0.415
-0.41
-0.405
-0.405
-0.405
-0.405
-0.41
-0.415
-0.42
-0.42
-0.42
-0.42
-0.425
-0.43
-0.435
-0.4275
-0.42
-0.416667
-0.413333
-0.41
-0.41
-0.41
-0.41
-0.408333
-0.406667
-0.405
-0.415
-0.425
-0.426667
-0.428333
-0.43
-0.426667
-0.423333
-0.42
-0.418333
-0.416667
-0.415
-0.413333
-0.411667
-0.41
-0.41
-0.41
-0.415
-0.42
-0.425
-0.423333
-0.421667
-0.42
-0.413333
-0.406667
-0.4
-0.3975
-0.395
-0.396667
-0.398333
-0.4
-0.4
-0.4
-0.4
-0.398333
-0.396667
-0.395
-0.401667
-0.408333
-0.415
-0.41
-0.405
-0.4
-0.395
-0.39
-0.393333
-0.396667
-0.4
-0.4
-0.4
-0.4
-0.4075
-0.415
-0.418333
-0.421667
-0.425
-0.425
-0.425
-0.425
-0.421667
-0.418333
-0.415
-0.415
-0.415
-0.415
-0.4125
-0.41
-0.415
-0.42
-0.425
-0.425
-0.425
-0.425
-0.423333
-0.421667
-0.42
-0.4175
-0.415
-0.41
-0.405
-0.4
-0.4
-0.4
-0.4
-0.403333
-0.406667
-0.41
-0.415
-0.42
-0.425
-0.4175
-0.41
-0.408333
-0.406667
-0.405
-0.401667
-0.398333
-0.395
-0.396667
-0.398333
-0.4
-0.4
-0.4
-0.401667
-0.403333
-0.405
-0.398333
-0.391667
-0.385
-0.39
-0.395
-0.4
-0.396667
-0.393333
-0.39
-0.39
-0.39
-0.393333
-0.396667
-0.4
-0.405
-0.41
-0.415
-0.411667
-0.408333
-0.405
-0.405
-0.405
-0.406667
-0.408333
-0.41
-0.411667
-0.413333
-0.415
-0.416667
-0.418333
-0.42
-0.42
-0.42
-0.42
-0.4225
-0.425
-0.421667
-0.418333
-0.415
-0.415
-0.415
-0.415
-0.413333
-0.411667
-0.41
-0.4225
-0.435
-0.433333
-0.431667
-0.43
-0.431667
-0.433333
-0.435
-0.43
-0.425
-0.42
-0.42
-0.42
-0.42
-0.42
-0.42
-0.42
-0.42
-0.42
-0.421667
-0.423333
-0.425
-0.425
-0.425
-0.425
-0.42
-0.415
-0.408333
-0.401667
-0.395
-0.395
-0.395
-0.395
-0.393333
-0.391667
-0.39
-0.385
-0.38
-0.375
-0.3675
-0.36
-0.353333
-0.346667
-0.34
-0.338333
-0.336667
-0.335
-0.333333
-0.331667
-0.33
-0.3325
-0.335
-0.335
-0.335
-0.335
-0.331667
-0.328333
-0.325
-0.323333
-0.321667
-0.32
-0.315
-0.31
-0.305
-0.305
-0.305
-0.308333
-0.311667
-0.315
-0.313333
-0.311667
-0.31
-0.308333
-0.306667
-0.305
-0.3025
-0.3
-0.3
-0.3
-0.3
-0.3
-0.3
-0.3
-0.303333
-0.306667
-0.31
-0.31
-0.31
-0.31
-0.31
-0.31
-0.311667
-0.313333
-0.315
-0.31
-0.305
-0.3
-0.301667
-0.303333
-0.305
-0.31
-0.315
-0.316667
-0.318333
-0.32
-0.321667
-0.323333
-0.325
-0.32
-0.315
-0.31
-0.308333
-0.306667
-0.305
-0.305
-0.305
-0.31
-0.315
-0.32
-0.321667
-0.323333
-0.325
-0.318333
-0.311667
-0.305
-0.3075
-0.31
-0.305
-0.3
-0.295
-0.3
-0.305
-0.31
-0.315
-0.32
-0.325
-0.326667
-0.328333
-0.33
-0.325
-0.32
-0.32
-0.32
-0.32
-0.32
-0.32
-0.32
-0.321667
-0.323333
-0.325
-0.3375
-0.35
-0.35
-0.35
-0.35
-0.346667
-0.343333
-0.34
-0.338333
-0.336667
-0.335
-0.333333
-0.331667
-0.33
-0.3325
-0.335
-0.336667
-0.338333
-0.34
-0.346667
-0.353333
-0.36
-0.356667
-0.353333
-0.35
-0.35
-0.35
-0.351667
-0.353333
-0.355
-0.356667
-0.358333
-0.36
-0.358333
-0.356667
-0.355
-0.358333
-0.361667
-0.365
-0.36
-0.355
-0.353333
-0.351667
-0.35
-0.346667
-0.343333
-0.34
-0.345
-0.35
-0.355
-0.3525
-0.35
-0.355
-0.36
-0.365
-0.365
-0.365
-0.365
-0.36
-0.355
-0.35
-0.351667
-0.353333
-0.355
-0.3525
-0.35
-0.356667
-0.363333
-0.37
-0.373333
-0.376667
-0.38
-0.376667
-0.373333
-0.37
-0.365
-0.36
-0.361667
-0.363333
-0.365
-0.363333
-0.361667
-0.36
-0.361667
-0.363333
-0.365
-0.37
-0.375
-0.38
-0.375
-0.37
-0.368333
-0.366667
-0.365
-0.36
-0.355
-0.35
-0.35
-0.35
-0.35
-0.35
-0.35
-0.356667
-0.363333
-0.37
-0.368333
-0.366667
-0.365
-0.358333
-0.351667
-0.345
-0.345
-0.345
-0.345
-0.3425
-0.34
-0.345
-0.35
-0.355
-0.358333
-0.361667
-0.365
-0.363333
-0.361667
-0.36
-0.3575
-0.355
-0.355
-0.355
-0.355
-0.355
-0.355
-0.355
-0.361667
-0.368333
-0.375
-0.378333
-0.381667
-0.385
-0.37
-0.355
-0.356667
-0.358333
-0.36
-0.358333
-0.356667
-0.355
-0.356667
-0.358333
-0.36
-0.36
-0.36
-0.363333
-0.366667
-0.37
-0.366667
-0.363333
-0.36
-0.355
-0.35
-0.345
-0.348333
-0.351667
-0.355
-0.35
-0.345
-0.345
-0.345
-0.345
-0.345
-0.345
-0.345
-0.343333
-0.341667
-0.34
-0.325
-0.31
-0.308333
-0.306667
-0.305
-0.305
-0.305
-0.305
-0.306667
-0.308333
-0.31
-0.308333
-0.306667
-0.305
-0.2975
-0.29
-0.288333
-0.286667
-0.285
-0.281667
-0.278333
-0.275
-0.276667
-0.278333
-0.28
-0.28
-0.28
-0.278333
-0.276667
-0.275
-0.271667
-0.268333
-0.265
-0.261667
-0.258333
-0.255
-0.251667
-0.248333
-0.245
-0.2525
-0.26
-0.261667
-0.263333
-0.265
-0.268333
-0.271667
-0.275
-0.276667
-0.278333
-0.28
-0.2725
-0.265
-0.266667
-0.268333
-0.27
-0.271667
-0.273333
-0.275
-0.276667
-0.278333
-0.28
-0.278333
-0.276667
-0.275
-0.2775
-0.28
-0.278333
-0.276667
-0.275
-0.271667
-0.268333
-0.265
-0.261667
-0.258333
-0.255
-0.2475
-0.24
-0.246667
-0.253333
-0.26
-0.266667
-0.273333
-0.28
-0.29
-0.3
-0.31
-0.31
-0.31
-0.31
-0.3275
-0.345
-0.35
-0.355
-0.36
-0.366667
-0.373333
-0.38
-0.381667
-0.383333
-0.385
-0.3825
-0.38
-0.376667
-0.373333
-0.37
-0.371667
-0.373333
-0.375
-0.378333
-0.381667
-0.385
-0.386667
-0.388333
-0.39
-0.3925
-0.395
-0.391667
-0.388333
-0.385
-0.385
-0.385
-0.385
-0.385
-0.385
-0.385
-0.39
-0.395
-0.398333
-0.401667
-0.405
-0.403333
-0.401667
-0.4
-0.391667
-0.383333
-0.375
-0.375
-0.375
-0.375
-0.3825
-0.39
-0.391667
-0.393333
-0.395
-0.401667
-0.408333
-0.415
-0.411667
-0.408333
-0.405
-0.4025
-0.4
-0.396667
-0.393333
-0.39
-0.395
-0.4
-0.405
-0.411667
-0.418333
-0.425
-0.436667
-0.448333
-0.46
-0.4675
-0.475
-0.485
-0.495
-0.505
-0.506667
-0.508333
-0.51
-0.515
-0.52
-0.525
-0.5325
-0.54
-0.56
-0.58
-0.6
-0.615
-0.63
-0.645
-0.64
-0.635
-0.63
-0.611667
-0.593333
-0.575
-0.535
-0.495
-0.458333
-0.421667
-0.385
-0.346667
-0.308333
-0.27
-0.218333
-0.166667
-0.115
-0.0125
0.09
0.183333
0.276667
0.37
0.458333
0.546667
0.635
0.693333
0.751667
0.81
0.826667
0.843333
0.86
0.815
0.77
0.671667
0.573333
0.475
0.338333
0.201667
0.065
-0.0583333
-0.181667
-0.305
-0.4025
-0.5
-0.506667
-0.513333
-0.52
-0.505
-0.49
-0.475
-0.453333
-0.431667
-0.41
-0.403333
-0.396667
-0.39
-0.39
-0.39
-0.393333
-0.396667
-0.4
-0.403333
-0.406667
-0.41
-0.408333
-0.406667
-0.405
-0.395
-0.385
-0.386667
-0.388333
-0.39
-0.391667
-0.393333
-0.395
-0.398333
-0.401667
-0.405
-0.406667
-0.408333
-0.41
-0.4075
-0.405
-0.403333
-0.401667
-0.4
-0.396667
-0.393333
-0.39
-0.391667
-0.393333
-0.395
-0.4025
-0.41
-0.411667
-0.413333
-0.415
-0.413333
-0.411667
-0.41
-0.405
-0.4
-0.395
-0.398333
-0.401667
-0.405
-0.4075
-0.41
-0.408333
-0.406667
-0.405
-0.405
-0.405
-0.405
-0.406667
-0.408333
-0.41
-0.4
-0.39
-0.388333
-0.386667
-0.385
-0.386667
-0.388333
-0.39
-0.391667
-0.393333
-0.395
-0.396667
-0.398333
-0.4
-0.4
-0.4
-0.4
-0.4
-0.4
-0.398333
-0.396667
-0.395
-0.395
-0.395
-0.395
-0.4
-0.405
-0.405
-0.405
-0.405
-0.403333
-0.401667
-0.4
-0.398333
-0.396667
-0.395
-0.391667
-0.388333
-0.385
-0.38
-0.375
-0.378333
-0.381667
-0.385
-0.388333
-0.391667
-0.395
-0.393333
-0.391667
-0.39
-0.3875
-0.385
-0.381667
-0.378333
-0.375
-0.378333
-0.381667
-0.385
-0.388333
-0.391667
-0.395
-0.395
-0.395
-0.395
-0.39
-0.385
-0.381667
-0.378333
-0.375
-0.375
-0.375
-0.375
-0.378333
-0.381667
-0.385
-0.39
-0.395
-0.393333
-0.391667
-0.39
-0.39
-0.39
-0.39
-0.381667
-0.373333
-0.365
-0.368333
-0.371667
-0.375
-0.38
-0.385
-0.388333
-0.391667
-0.395
-0.39
-0.385
-0.38
-0.381667
-0.383333
-0.385
-0.38
-0.375
-0.376667
-0.378333
-0.38
-0.383333
-0.386667
-0.39
-0.386667
-0.383333
-0.38
-0.378333
-0.376667
-0.375
-0.375
-0.375
-0.375
-0.375
-0.375
-0.375
-0.375
-0.375
-0.376667
-0.378333
-0.38
-0.385
-0.39
-0.39
-0.39
-0.39
-0.381667
-0.373333
-0.365
-0.366667
-0.368333
-0.37
-0.371667
-0.373333
-0.375
-0.38
-0.385
-0.386667
-0.388333
-0.39
-0.39
-0.39
-0.39
-0.385
-0.38
-0.375
-0.37
-0.365
-0.371667
-0.378333
-0.385
-0.383333
-0.381667
-0.38
-0.383333
-0.386667
-0.39
-0.385
-0.38
-0.375
-0.375
-0.375
-0.371667
-0.368333
-0.365
-0.366667
-0.368333
-0.37
-0.375
-0.38
-0.385
-0.39
-0.395
-0.391667
-0.388333
-0.385
-0.385
-0.385
-0.385
-0.38
-0.375
-0.37
-0.368333
-0.366667
-0.365
-0.3675
-0.37
-0.371667
-0.373333
-0.375
-0.366667
-0.358333
-0.35
-0.345
-0.34
-0.335
-0.3275
-0.32
-0.318333
-0.316667
-0.315
-0.316667
-0.318333
-0.32
-0.321667
-0.323333
-0.325
-0.321667
-0.318333
-0.315
-0.305
-0.295
-0.291667
-0.288333
-0.285
-0.29
-0.295
-0.3
-0.298333
-0.296667
-0.295
-0.29
-0.285
-0.285
-0.285
-0.285
-0.283333
-0.281667
-0.28
-0.276667
-0.273333
-0.27
-0.273333
-0.276667
-0.28
-0.285
-0.29
-0.291667
-0.293333
-0.295
-0.295
-0.295
-0.295
-0.293333
-0.291667
-0.29
-0.285
-0.28
-0.283333
-0.286667
-0.29
-0.291667
-0.293333
-0.295
-0.3
-0.305
-0.31
-0.305
-0.3
-0.295
-0.29
-0.285
-0.283333
-0.281667
-0.28
-0.278333
-0.276667
-0.275
-0.281667
-0.288333
-0.295
-0.3
-0.305
-0.303333
-0.301667
-0.3
-0.298333
-0.296667
-0.295
-0.295
-0.295
-0.295
-0.291667
-0.288333
-0.285
-0.2925
-0.3
-0.301667
-0.303333
-0.305
-0.303333
-0.301667
-0.3
-0.298333
-0.296667
-0.295
-0.2975
-0.3
-0.301667
-0.303333
-0.305
-0.308333
-0.311667
-0.315
-0.313333
-0.311667
-0.31
-0.311667
-0.313333
-0.315
-0.305
-0.295
-0.296667
-0.298333
-0.3
-0.303333
-0.306667
-0.31
-0.316667
-0.323333
-0.33
-0.335
-0.34
-0.336667
-0.333333
-0.33
-0.326667
-0.323333
-0.32
-0.32
-0.32
-0.32
-0.318333
-0.316667
-0.315
-0.32
-0.325
-0.328333
-0.331667
-0.335
-0.333333
-0.331667
-0.33
-0.325
-0.32
-0.315
-0.3175
-0.32
-0.32
-0.32
-0.32
-0.323333
-0.326667
-0.33
-0.335
-0.34
-0.345
-0.343333
-0.341667
-0.34
-0.3375
-0.335
-0.333333
-0.331667
-0.33
-0.331667
-0.333333
-0.335
-0.338333
-0.341667
-0.345
-0.3475
-0.35
-0.348333
-0.346667
-0.345
-0.343333
-0.341667
-0.34
-0.338333
-0.336667
-0.335
-0.335
-0.335
-0.335
-0.3325
-0.33
-0.331667
-0.333333
-0.335
-0.336667
-0.338333
-0.34
-0.338333
-0.336667
-0.335
-0.3275
-0.32
-0.326667
-0.333333
-0.34
-0.34
-0.34
-0.34
-0.343333
-0.346667
-0.35
-0.355
-0.36
-0.365
-0.3625
-0.36
-0.355
-0.35
-0.345
-0.345
-0.345
-0.345
-0.346667
-0.348333
-0.35
-0.35
-0.35
-0.35
-0.35
-0.35
-0.346667
-0.343333
-0.34
-0.34
-0.34
-0.34
-0.341667
-0.343333
-0.345
-0.345
-0.345
-0.356667
-0.368333
-0.38
-0.373333
-0.366667
-0.36
-0.36
-0.36
-0.36
-0.3525
-0.345
-0.345
-0.345
-0.345
-0.346667
-0.348333
-0.35
-0.351667
-0.353333
-0.355
-0.351667
-0.348333
-0.345
-0.3375
-0.33
-0.33
-0.33
-0.33
-0.331667
-0.333333
-0.335
-0.335
-0.335
-0.335
-0.3375
-0.34
-0.336667
-0.333333
-0.33
-0.326667
-0.323333
-0.32
-0.31
-0.3
-0.29
-0.29
-0.29
-0.29
-0.295
-0.3
-0.301667
-0.303333
-0.305
-0.298333
-0.291667
-0.285
-0.283333
-0.281667
-0.28
-0.2775
-0.275
-0.276667
-0.278333
-0.28
-0.278333
-0.276667
-0.275
-0.273333
-0.271667
-0.27
-0.268333
-0.266667
-0.265
-0.2575
-0.25
-0.243333
-0.236667
-0.23
-0.235
-0.24
-0.245
-0.243333
-0.241667
-0.24
-0.2475
-0.255
-0.255
-0.255
-0.255
-0.251667
-0.248333
-0.245
-0.241667
-0.238333
-0.235
-0.241667
-0.248333
-0.255
-0.26
-0.265
-0.263333
-0.261667
-0.26
-0.258333
-0.256667
-0.255
-0.26
-0.265
-0.27
-0.2675
-0.265
-0.27
-0.275
-0.28
-0.271667
-0.263333
-0.255
-0.253333
-0.251667
-0.25
-0.248333
-0.246667
-0.245
-0.255
-0.265
-0.27
-0.275
-0.28
-0.286667
-0.293333
-0.3
-0.305
-0.31
-0.315
-0.32
-0.325
-0.328333
-0.331667
-0.335
-0.338333
-0.341667
-0.345
-0.34
-0.335
-0.33
-0.331667
-0.333333
-0.335
-0.34
-0.345
-0.35
-0.355
-0.36
-0.356667
-0.353333
-0.35
-0.346667
-0.343333
-0.34
-0.3375
-0.335
-0.338333
-0.341667
-0.345
-0.35
-0.355
-0.36
-0.361667
-0.363333
-0.365
-0.368333
-0.371667
-0.375
-0.3725
-0.37
-0.368333
-0.366667
-0.365
-0.365
-0.365
-0.365
-0.37
-0.375
-0.38
-0.3775
-0.375
-0.375
-0.375
-0.375
-0.371667
-0.368333
-0.365
-0.366667
-0.368333
-0.37
-0.366667
-0.363333
-0.36
-0.365
-0.37
-0.373333
-0.376667
-0.38
-0.375
-0.37
-0.365
-0.363333
-0.361667
-0.36
-0.355
-0.35
-0.351667
-0.353333
-0.355
-0.36
-0.365
-0.37
-0.375
-0.38
-0.385
-0.388333
-0.391667
-0.395
-0.4125
-0.43
-0.435
-0.44
-0.445
-0.458333
-0.471667
-0.485
-0.495
-0.505
-0.515
-0.54
-0.565
-0.561667
-0.558333
-0.555
-0.528333
-0.501667
-0.475
-0.435
-0.395
-0.355
-0.31
-0.265
-0.22
-0.1375
-0.055
0.025
0.105
0.185
0.281667
0.378333
0.475
0.551667
0.628333
0.705
0.7625
0.82
0.806667
0.793333
0.78
0.698333
0.616667
0.535
0.405
0.275
0.145
0.03
-0.085
-0.2
-0.31
-0.42
-0.446667
-0.473333
-0.5
-0.493333
-0.486667
-0.48
-0.47
-0.46
-0.45
-0.43
-0.41
-0.406667
-0.403333
-0.4
-0.396667
-0.393333
-0.39
-0.39
-0.39
-0.39
-0.393333
-0.396667
-0.4
-0.4025
-0.405
-0.411667
-0.418333
-0.425
-0.425
-0.425
-0.425
-0.418333
-0.411667
-0.405
-0.4
-0.395
-0.398333
-0.401667
-0.405
-0.405
-0.405
-0.405
-0.408333
-0.411667
-0.415
-0.411667
-0.408333
-0.405
-0.395
-0.385
-0.386667
-0.388333
-0.39
-0.391667
-0.393333
-0.395
-0.395
-0.395
-0.395
-0.395
-0.395
-0.395
-0.395
-0.395
-0.391667
-0.388333
-0.385
-0.386667
-0.388333
-0.39
-0.39
-0.39
-0.39
-0.395
-0.4
-0.408333
-0.416667
-0.425
-0.42
-0.415
-0.41
-0.406667
-0.403333
-0.4
-0.3975
-0.395
-0.396667
-0.398333
-0.4
-0.401667
-0.403333
-0.405
-0.411667
-0.418333
-0.425
-0.421667
-0.418333
-0.415
-0.41
-0.405
-0.405
-0.405
-0.405
-0.405
-0.405
-0.405
-0.406667
-0.408333
-0.41
-0.4125
-0.415
-0.411667
-0.408333
-0.405
-0.41
-0.415
-0.42
-0.415
-0.41
-0.405
-0.406667
-0.408333
-0.41
-0.41
-0.41
-0.413333
-0.416667
-0.42
-0.418333
-0.416667
-0.415
-0.411667
-0.408333
-0.405
-0.4
-0.395
-0.395
-0.395
-0.395
-0.395
-0.395
-0.395
-0.396667
-0.398333
-0.4
-0.398333
-0.396667
-0.395
-0.395
-0.395
-0.398333
-0.401667
-0.405
-0.405
-0.405
-0.405
-0.41
-0.415
-0.42
-0.4275
-0.435
-0.428333
-0.421667
-0.415
-0.411667
-0.408333
-0.405
-0.401667
-0.398333
-0.395
-0.393333
-0.391667
-0.39
-0.4025
-0.415
-0.411667
-0.408333
-0.405
-0.405
-0.405
-0.405
-0.403333
-0.401667
-0.4
-0.3975
-0.395
-0.395
-0.395
-0.395
-0.398333
-0.401667
-0.405
-0.41
-0.415
-0.42
-0.418333
-0.416667
-0.415
-0.4075
-0.4
-0.398333
-0.396667
-0.395
-0.396667
-0.398333
-0.4
-0.401667
-0.403333
-0.405
-0.415
-0.425
-0.425
-0.425
-0.425
-0.425
-0.425
-0.425
-0.423333
-0.421667
-0.42
-0.421667
-0.423333
-0.425
-0.4375
-0.45
-0.448333
-0.446667
-0.445
-0.446667
-0.448333
-0.45
-0.445
-0.44
-0.435
-0.44
-0.445
-0.453333
-0.461667
-0.47
-0.465
-0.46
-0.455
-0.456667
-0.458333
-0.46
-0.453333
-0.446667
-0.44
-0.4375
-0.435
-0.431667
-0.428333
-0.425
-0.426667
-0.428333
-0.43
-0.435
-0.44
-0.445
-0.4475
-0.45
-0.448333
-0.446667
-0.445
-0.44
-0.435
-0.43
-0.426667
-0.423333
-0.42
-0.416667
-0.413333
-0.41
-0.4175
-0.425
-0.423333
-0.421667
-0.42
-0.415
-0.41
-0.405
-0.396667
-0.388333
-0.38
-0.375
-0.37
-0.368333
-0.366667
-0.365
-0.365
-0.365
-0.365
-0.365
-0.365
-0.365
-0.358333
-0.351667
-0.345
-0.3375
-0.33
-0.325
-0.32
-0.315
-0.311667
-0.308333
-0.305
-0.305
-0.305
-0.305
-0.3125
-0.32
-0.316667
-0.313333
-0.31
-0.31
-0.31
-0.31
-0.308333
-0.306667
-0.305
-0.306667
-0.308333
-0.31
-0.3125
-0.315
-0.316667
-0.318333
-0.32
-0.318333
-0.316667
-0.315
-0.311667
-0.308333
-0.305
-0.305
-0.305
-0.301667
-0.298333
-0.295
-0.3
-0.305
-0.31
-0.313333
-0.316667
-0.32
-0.316667
-0.313333
-0.31
-0.3125
-0.315
-0.308333
-0.301667
-0.295
-0.296667
-0.298333
-0.3
-0.301667
-0.303333
-0.305
-0.3025
-0.3
-0.295
-0.29
-0.285
-0.283333
-0.281667
-0.28
-0.283333
-0.286667
-0.29
-0.291667
-0.293333
-0.295
-0.3
-0.305
-0.311667
-0.318333
-0.325
-0.318333
-0.311667
-0.305
-0.303333
-0.301667
-0.3
-0.3
-0.3
-0.305
-0.31
-0.315
-0.318333
-0.321667
-0.325
-0.328333
-0.331667
-0.335
-0.331667
-0.328333
-0.325
-0.32
-0.315
-0.316667
-0.318333
-0.32
-0.325
-0.33
-0.335
-0.333333
-0.331667
-0.33
-0.335
-0.34
-0.335
-0.33
-0.325
-0.325
-0.325
-0.325
-0.323333
-0.321667
-0.32
-0.318333
-0.316667
-0.315
-0.325
-0.335
-0.335
-0.335
-0.335
-0.338333
-0.341667
-0.345
-0.341667
-0.338333
-0.335
-0.33
-0.325
-0.326667
-0.328333
-0.33
-0.325
-0.32
-0.315
-0.321667
-0.328333
-0.335
-0.333333
-0.331667
-0.33
-0.33
-0.33
-0.33
-0.33
-0.33
-0.33
-0.33
-0.33
-0.331667
-0.333333
-0.335
-0.3375
-0.34
-0.336667
-0.333333
-0.33
-0.326667
-0.323333
-0.32
-0.318333
-0.316667
-0.315
-0.318333
-0.321667
-0.325
-0.33
-0.335
-0.341667
-0.348333
-0.355
-0.351667
-0.348333
-0.345
-0.343333
-0.341667
-0.34
-0.3375
-0.335
-0.33
-0.325
-0.32
-0.321667
-0.323333
-0.325
-0.333333
-0.341667
-0.35
-0.343333
-0.336667
-0.33
-0.3225
-0.315
-0.315
-0.315
-0.315
-0.32
-0.325
-0.33
-0.33
-0.33
-0.33
-0.3325
-0.335
-0.335
-0.335
-0.335
-0.333333
-0.331667
-0.33
-0.33
-0.33
-0.33
-0.33
-0.33
-0.33
-0.335
-0.34
-0.34
-0.34
-0.34
-0.34
-0.34
-0.34
-0.335
-0.33
-0.325
-0.325
-0.325
-0.325
-0.325
-0.325
-0.331667
-0.338333
-0.345
-0.346667
-0.348333
-0.35
-0.346667
-0.343333
-0.34
-0.335
-0.33
-0.326667
-0.323333
-0.32
-0.316667
-0.313333
-0.31
-0.308333
-0.306667
-0.305
-0.305
-0.305
-0.295
-0.285
-0.275
-0.273333
-0.271667
-0.27
-0.265
-0.26
-0.255
-0.256667
-0.258333
-0.26
-0.2625
-0.265
-0.263333
-0.261667
-0.26
-0.256667
-0.253333
-0.25
-0.245
-0.24
-0.235
-0.235
-0.235
-0.23
-0.225
-0.22
-0.225
-0.23
-0.235
-0.235
-0.235
-0.235
-0.23
-0.225
-0.22
-0.225
-0.23
-0.228333
-0.226667
-0.225
-0.228333
-0.231667
-0.235
-0.238333
-0.241667
-0.245
-0.25
-0.255
-0.25
-0.245
-0.24
-0.236667
-0.233333
-0.23
-0.23
-0.23
-0.23
-0.236667
-0.243333
-0.25
-0.2525
-0.255
-0.253333
-0.251667
-0.25
-0.243333
-0.236667
-0.23
-0.221667
-0.213333
-0.205
-0.2
-0.195
-0.2
-0.205
-0.21
-0.216667
-0.223333
-0.23
-0.243333
-0.256667
-0.27
-0.27
-0.27
-0.27
-0.2775
-0.285
-0.285
-0.285
-0.285
-0.293333
-0.301667
-0.31
-0.316667
-0.323333
-0.33
-0.335
-0.34
-0.34
-0.34
-0.34
-0.341667
-0.343333
-0.345
-0.346667
-0.348333
-0.35
-0.35
-0.35
-0.35
-0.345
-0.34
-0.345
-0.35
-0.355
-0.351667
-0.348333
-0.345
-0.343333
-0.341667
-0.34
-0.34
-0.34
-0.341667
-0.343333
-0.345
-0.348333
-0.351667
-0.355
-0.36
-0.365
-0.37
-0.365
-0.36
-0.355
-0.3625
-0.37
-0.361667
-0.353333
-0.345
-0.343333
-0.341667
-0.34
-0.346667
-0.353333
-0.36
-0.37
-0.38
-0.373333
-0.366667
-0.36
-0.355
-0.35
-0.345
-0.346667
-0.348333
-0.35
-0.35
-0.35
-0.35
-0.3525
-0.355
-0.363333
-0.371667
-0.38
-0.383333
-0.386667
-0.39
-0.391667
-0.393333
-0.395
-0.41
-0.425
-0.435
-0.445
-0.455
-0.461667
-0.468333
-0.475
-0.486667
-0.498333
-0.51
-0.521667
-0.533333
-0.545
-0.5425
-0.54
-0.525
-0.51
-0.495
-0.465
-0.435
-0.405
-0.368333
-0.331667
-0.295
-0.2275
-0.16
-0.0933333
-0.0266667
0.04
0.131667
0.223333
0.315
0.408333
0.501667
0.595
0.663333
0.731667
0.8
0.8425
0.885
0.855
0.825
0.795
0.703333
0.611667
0.52
0.39
0.26
0.13
-0.0425
-0.215
-0.285
-0.355
-0.425
-0.45
-0.475
-0.5
-0.496667
-0.493333
-0.49
-0.476667
-0.463333
-0.45
-0.425
-0.4
-0.396667
-0.393333
-0.39
-0.391667
-0.393333
-0.395
-0.395
-0.395
-0.395
-0.3975
-0.4
-0.396667
-0.393333
-0.39
-0.386667
-0.383333
-0.38
-0.381667
-0.383333
-0.385
-0.385
-0.385
-0.385
-0.3925
-0.4
-0.403333
-0.406667
-0.41
-0.41
-0.41
-0.41
-0.403333
-0.396667
-0.39
-0.39
-0.39
-0.395
-0.4
-0.405
-0.405
-0.405
-0.405
-0.408333
-0.411667
-0.415
-0.413333
-0.411667
-0.41
-0.4025
-0.395
-0.395
-0.395
-0.395
-0.396667
-0.398333
-0.4
-0.405
-0.41
-0.415
-0.415
-0.415
-0.415
-0.415
-0.415
-0.41
-0.405
-0.4
-0.396667
-0.393333
-0.39
-0.39
-0.39
-0.39
-0.4
-0.41
-0.411667
-0.413333
-0.415
-0.411667
-0.408333
-0.405
-0.401667
-0.398333
-0.395
-0.395
-0.395
-0.395
-0.395
-0.395
-0.398333
-0.401667
-0.405
-0.406667
-0.408333
-0.41
-0.41
-0.41
-0.41
-0.405
-0.4
-0.396667
-0.393333
-0.39
-0.391667
-0.393333
-0.395
-0.4
-0.405
-0.41
-0.4175
-0.425
-0.421667
-0.418333
-0.415
-0.411667
-0.408333
-0.405
-0.406667
-0.408333
-0.41
-0.408333
-0.406667
-0.405
-0.41
-0.415
-0.418333
-0.421667
-0.425
-0.425
-0.425
-0.425
-0.42
-0.415
-0.41
-0.4025
-0.395
-0.393333
-0.391667
-0.39
-0.393333
-0.396667
-0.4
-0.403333
-0.406667
-0.41
-0.41
-0.41
-0.41
-0.405
-0.4
-0.396667
-0.393333
-0.39
-0.396667
-0.403333
-0.41
-0.413333
-0.416667
-0.42
-0.42
-0.42
-0.418333
-0.416667
-0.415
-0.415
-0.415
-0.415
-0.411667
-0.408333
-0.405
-0.41
-0.415
-0.42
-0.4175
-0.415
-0.418333
-0.421667
-0.425
-0.42
-0.415
-0.41
-0.406667
-0.403333
-0.4
-0.4025
-0.405
-0.403333
-0.401667
-0.4
-0.4
-0.4
-0.4
-0.403333
-0.406667
-0.41
-0.406667
-0.403333
-0.4
-0.3975
-0.395
-0.395
-0.395
-0.395
-0.398333
-0.401667
-0.405
-0.406667
-0.408333
-0.41
-0.4175
-0.425
-0.425
-0.425
-0.425
-0.42
-0.415
-0.41
-0.41
-0.41
-0.41
-0.413333
-0.416667
-0.42
-0.425
-0.43
-0.435
-0.44
-0.445
-0.443333
-0.441667
-0.44
-0.438333
-0.436667
-0.435
-0.4325
-0.43
-0.43
-0.43
-0.43
-0.436667
-0.443333
-0.45
-0.448333
-0.446667
-0.445
-0.445
-0.445
-0.445
-0.44
-0.435
-0.435
-0.435
-0.435
-0.438333
-0.441667
-0.445
-0.443333
-0.441667
-0.44
-0.445
-0.45
-0.443333
-0.436667
-0.43
-0.43
-0.43
-0.43
-0.425
-0.42
-0.415
-0.41
-0.405
-0.4
-0.4
-0.4
-0.395
-0.39
-0.385
-0.378333
-0.371667
-0.365
-0.355
-0.345
-0.335
-0.3325
-0.33
-0.328333
-0.326667
-0.325
-0.326667
-0.328333
-0.33
-0.33
-0.33
-0.33
-0.323333
-0.316667
-0.31
-0.3025
-0.295
-0.291667
-0.288333
-0.285
-0.286667
-0.288333
-0.29
-0.29
-0.29
-0.29
-0.3
-0.31
-0.305
-0.3
-0.295
-0.291667
-0.288333
-0.285
-0.283333
-0.281667
-0.28
-0.286667
-0.293333
-0.3
-0.295
-0.29
-0.291667
-0.293333
-0.295
-0.293333
-0.291667
-0.29
-0.286667
-0.283333
-0.28
-0.2775
-0.275
-0.275
-0.275
-0.275
-0.28
-0.285
-0.29
-0.29
-0.29
-0.29
-0.288333
-0.286667
-0.285
-0.2775
-0.27
-0.27
-0.27
-0.27
-0.27
-0.27
-0.27
-0.271667
-0.273333
-0.275
-0.2825
-0.29
-0.288333
-0.286667
-0.285
-0.281667
-0.278333
-0.275
-0.275
-0.275
-0.275
-0.28
-0.285
-0.29
-0.2925
-0.295
-0.298333
-0.301667
-0.305
-0.301667
-0.298333
-0.295
-0.295
-0.295
-0.295
-0.29
-0.285
-0.286667
-0.288333
-0.29
-0.293333
-0.296667
-0.3
-0.301667
-0.303333
-0.305
-0.306667
-0.308333
-0.31
-0.3025
-0.295
-0.296667
-0.298333
-0.3
-0.301667
-0.303333
-0.305
-0.306667
-0.308333
-0.31
-0.3175
-0.325
-0.325
-0.325
-0.325
-0.321667
-0.318333
-0.315
-0.313333
-0.311667
-0.31
-0.311667
-0.313333
-0.315
-0.315
-0.315
-0.318333
-0.321667
-0.325
-0.323333
-0.321667
-0.32
-0.316667
-0.313333
-0.31
-0.315
-0.32
-0.318333
-0.316667
-0.315
-0.32
-0.325
-0.33
-0.33
-0.33
-0.33
-0.326667
-0.323333
-0.32
-0.315
-0.31
-0.31
-0.31
-0.31
-0.31
-0.31
-0.31
-0.316667
-0.323333
-0.33
-0.3325
-0.335
-0.333333
-0.331667
-0.33
-0.326667
-0.323333
-0.32
-0.321667
-0.323333
-0.325
-0.325
-0.325
-0.325
-0.3275
-0.33
-0.331667
-0.333333
-0.335
-0.333333
-0.331667
-0.33
-0.328333
-0.326667
-0.325
-0.325
-0.325
-0.323333
-0.321667
-0.32
-0.321667
-0.323333
-0.325
-0.326667
-0.328333
-0.33
-0.328333
-0.326667
-0.325
-0.32
-0.315
-0.311667
-0.308333
-0.305
-0.311667
-0.318333
-0.325
-0.321667
-0.318333
-0.315
-0.325
-0.335
-0.333333
-0.331667
-0.33
-0.323333
-0.316667
-0.31
-0.313333
-0.316667
-0.32
-0.323333
-0.326667
-0.33
-0.33
-0.33
-0.331667
-0.333333
-0.335
-0.333333
-0.331667
-0.33
-0.33
-0.33
-0.33
-0.325
-0.32
-0.32
-0.32
-0.32
-0.323333
-0.326667
-0.33
-0.33
-0.33
-0.33
-0.328333
-0.326667
-0.325
-0.32
-0.315
-0.315
-0.315
-0.315
-0.315
-0.315
-0.315
-0.32
-0.325
-0.33
-0.33
-0.33
-0.326667
-0.323333
-0.32
-0.318333
-0.316667
-0.315
-0.311667
-0.308333
-0.305
-0.305
-0.305
-0.305
-0.3
-0.295
-0.301667
-0.308333
-0.315
-0.31
-0.305
-0.3
-0.291667
-0.283333
-0.275
-0.265
-0.255
-0.255
-0.255
-0.255
-0.256667
-0.258333
-0.26
-0.261667
-0.263333
-0.265
-0.261667
-0.258333
-0.255
-0.245
-0.235
-0.233333
-0.231667
-0.23
-0.228333
-0.226667
-0.225
-0.223333
-0.221667
-0.22
-0.22
-0.22
-0.218333
-0.216667
-0.215
-0.21
-0.205
-0.2
-0.201667
-0.203333
-0.205
-0.205
-0.205
-0.205
-0.215
-0.225
-0.228333
-0.231667
-0.235
-0.236667
-0.238333
-0.24
-0.236667
-0.233333
-0.23
-0.2225
-0.215
-0.223333
-0.231667
-0.24
-0.24
-0.24
-0.24
-0.243333
-0.246667
-0.25
-0.245
-0.24
-0.235
-0.2225
-0.21
-0.206667
-0.203333
-0.2
-0.206667
-0.213333
-0.22
-0.231667
-0.243333
-0.255
-0.265
-0.275
-0.278333
-0.281667
-0.285
-0.29
-0.295
-0.3
-0.301667
-0.303333
-0.305
-0.31
-0.315
-0.32
-0.325
-0.33
-0.328333
-0.326667
-0.325
-0.323333
-0.321667
-0.32
-0.323333
-0.326667
-0.33
-0.33
-0.33
-0.331667
-0.333333
-0.335
-0.336667
-0.338333
-0.34
-0.341667
-0.343333
-0.345
-0.343333
-0.341667
-0.34
-0.3375
-0.335
-0.33
-0.325
-0.32
-0.321667
-0.323333
-0.325
-0.328333
-0.331667
-0.335
-0.34
-0.345
-0.345
-0.345
-0.345
-0.345
-0.345
-0.345
-0.341667
-0.338333
-0.335
-0.336667
-0.338333
-0.34
-0.3425
-0.345
-0.348333
-0.351667
-0.355
-0.35
-0.345
-0.34
-0.34
-0.34
-0.34
-0.34
-0.34
-0.34
-0.34
-0.34
-0.341667
-0.343333
-0.345
-0.348333
-0.351667
-0.355
-0.358333
-0.361667
-0.365
-0.3675
-0.37
-0.381667
-0.393333
-0.405
-0.418333
-0.431667
-0.445
-0.456667
-0.468333
-0.48
-0.4875
-0.495
-0.503333
-0.511667
-0.52
-0.525
-0.53
-0.535
-0.525
-0.515
-0.505
-0.475
-0.445
-0.415
-0.3475
-0.28
-0.231667
-0.183333
-0.135
-0.0683333
-0.00166667
0.065
0.143333
0.221667
0.3
0.44
0.58
0.656667
0.733333
0.81
0.855
0.9
0.945
0.936667
0.928333
0.92
0.871667
0.823333
0.775
0.61
0.445
0.303333
0.161667
0.02
-0.085
-0.19
-0.295
-0.345
-0.395
-0.445
-0.4575
-0.47
-0.455
-0.44
-0.425
-0.41
-0.395
-0.38
-0.373333
-0.366667
-0.36
-0.36
-0.36
-0.36
-0.365
-0.37
-0.373333
-0.376667
-0.38
-0.38
-0.38
-0.38
-0.378333
-0.376667
-0.375
-0.3725
-0.37
-0.368333
-0.366667
-0.365
-0.366667
-0.368333
-0.37
-0.375
-0.38
-0.385
-0.385
-0.385
-0.385
-0.38
-0.375
-0.373333
-0.371667
-0.37
-0.37
-0.37
-0.37
-0.375
-0.38
-0.385
-0.39
-0.395
-0.391667
-0.388333
-0.385
-0.385
-0.385
-0.385
-0.386667
-0.388333
-0.39
-0.388333
-0.386667
-0.385
-0.39
-0.395
-0.4
-0.405
-0.41
-0.406667
-0.403333
-0.4
-0.398333
-0.396667
-0.395
-0.3875
-0.38
-0.385
-0.39
-0.395
-0.395
-0.395
-0.395
-0.396667
-0.398333
-0.4
-0.4
-0.4
-0.4
-0.3975
-0.395
-0.393333
-0.391667
-0.39
-0.39
-0.39
-0.39
-0.391667
-0.393333
-0.395
-0.4
-0.405
-0.4
-0.395
-0.39
-0.388333
-0.386667
-0.385
-0.381667
-0.378333
-0.375
-0.375
-0.375
-0.375
-0.3775
-0.38
-0.383333
-0.386667
-0.39
-0.388333
-0.386667
-0.385
-0.38
-0.375
-0.37
-0.37
-0.37
-0.37
-0.37
-0.37
-0.371667
-0.373333
-0.375
-0.378333
-0.381667
-0.385
-0.38
-0.375
-0.37
-0.38
-0.39
-0.385
-0.38
-0.375
-0.373333
-0.371667
-0.37
-0.373333
-0.376667
-0.38
-0.385
-0.39
-0.39
-0.39
-0.39
-0.388333
-0.386667
-0.385
-0.381667
-0.378333
-0.375
-0.375
-0.375
-0.375
-0.38
-0.385
-0.388333
-0.391667
-0.395
-0.393333
-0.391667
-0.39
-0.388333
-0.386667
-0.385
-0.38
-0.375
-0.376667
-0.378333
-0.38
-0.381667
-0.383333
-0.385
-0.386667
-0.388333
-0.39
-0.386667
-0.383333
-0.38
-0.38
-0.38
-0.376667
-0.373333
-0.37
-0.37
-0.37
-0.37
-0.368333
-0.366667
-0.365
-0.3775
-0.39
-0.381667
-0.373333
-0.365
-0.365
-0.365
-0.365
-0.363333
-0.361667
-0.36
-0.365
-0.37
-0.375
-0.3775
-0.38
-0.386667
-0.393333
-0.4
-0.396667
-0.393333
-0.39
-0.385
-0.38
-0.375
-0.375
-0.375
-0.373333
-0.371667
-0.37
-0.375
-0.38
-0.385
-0.386667
-0.388333
-0.39
-0.39
-0.39
-0.39
-0.39
-0.39
-0.39
-0.39
-0.39
-0.385
-0.38
-0.375
-0.378333
-0.381667
-0.385
-0.39
-0.395
-0.39
-0.385
-0.38
-0.376667
-0.373333
-0.37
-0.371667
-0.373333
-0.375
-0.375
-0.375
-0.375
-0.3825
-0.39
-0.395
-0.4
-0.405
-0.395
-0.385
-0.375
-0.373333
-0.371667
-0.37
-0.365
-0.36
-0.365
-0.37
-0.375
-0.378333
-0.381667
-0.385
-0.383333
-0.381667
-0.38
-0.376667
-0.373333
-0.37
-0.365
-0.36
-0.355
-0.35
-0.345
-0.345
-0.345
-0.345
-0.34
-0.335
-0.33
-0.33
-0.33
-0.325
-0.32
-0.315
-0.313333
-0.311667
-0.31
-0.305
-0.3
-0.295
-0.291667
-0.288333
-0.285
-0.285
-0.285
-0.288333
-0.291667
-0.295
-0.29
-0.285
-0.28
-0.276667
-0.273333
-0.27
-0.275
-0.28
-0.28
-0.28
-0.28
-0.28
-0.28
-0.28
-0.283333
-0.286667
-0.29
-0.29
-0.29
-0.29
-0.285
-0.28
-0.278333
-0.276667
-0.275
-0.276667
-0.278333
-0.28
-0.281667
-0.283333
-0.285
-0.2875
-0.29
-0.29
-0.29
-0.29
-0.286667
-0.283333
-0.28
-0.28
-0.28
-0.28
-0.281667
-0.283333
-0.285
-0.2875
-0.29
-0.293333
-0.296667
-0.3
-0.298333
-0.296667
-0.295
-0.291667
-0.288333
-0.285
-0.2825
-0.28
-0.281667
-0.283333
-0.285
-0.285
-0.285
-0.285
-0.288333
-0.291667
-0.295
-0.291667
-0.288333
-0.285
-0.2825
-0.28
-0.278333
-0.276667
-0.275
-0.276667
-0.278333
-0.28
-0.283333
-0.286667
-0.29
-0.3
-0.31
-0.308333
-0.306667
-0.305
-0.298333
-0.291667
-0.285
-0.28
-0.275
-0.27
-0.27
-0.27
-0.27
-0.2725
-0.275
-0.278333
-0.281667
-0.285
-0.285
-0.285
-0.285
-0.28
-0.275
-0.27
-0.2675
-0.265
-0.265
-0.265
-0.265
-0.265
-0.265
-0.265
-0.27
-0.275
-0.28
-0.275
-0.27
-0.265
-0.255
-0.245
-0.241667
-0.238333
-0.235
-0.235
-0.235
-0.235
-0.24
-0.245
-0.25
-0.25
-0.25
-0.248333
-0.246667
-0.245
-0.235
-0.225
-0.215
-0.216667
-0.218333
-0.22
-0.228333
-0.236667
-0.245
-0.25
-0.255
-0.246667
-0.238333
-0.23
-0.221667
-0.213333
-0.205
-0.206667
-0.208333
-0.21
-0.215
-0.22
-0.223333
-0.226667
-0.23
-0.233333
-0.236667
-0.24
-0.24
-0.24
-0.24
-0.241667
-0.243333
-0.245
-0.2475
-0.25
-0.256667
-0.263333
-0.27
-0.275
-0.28
-0.285
-0.295
-0.305
-0.315
-0.3175
-0.32
-0.32
-0.32
-0.32
-0.316667
-0.313333
-0.31
-0.316667
-0.323333
-0.33
-0.333333
-0.336667
-0.34
-0.3425
-0.345
-0.35
-0.355
-0.36
-0.361667
-0.363333
-0.365
-0.363333
-0.361667
-0.36
-0.355
-0.35
-0.351667
-0.353333
-0.355
-0.361667
-0.368333
-0.375
-0.378333
-0.381667
-0.385
-0.381667
-0.378333
-0.375
-0.3725
-0.37
-0.368333
-0.366667
-0.365
-0.365
-0.365
-0.365
-0.366667
-0.368333
-0.37
-0.375
-0.38
-0.373333
-0.366667
-0.36
-0.356667
-0.353333
-0.35
-0.351667
-0.353333
-0.355
-0.355
-0.355
-0.355
-0.3525
-0.35
-0.355
-0.36
-0.365
-0.36
-0.355
-0.35
-0.35
-0.35
-0.35
-0.345
-0.34
-0.345
-0.35
-0.355
-0.353333
-0.351667
-0.35
-0.358333
-0.366667
-0.375
-0.371667
-0.368333
-0.365
-0.37
-0.375
-0.383333
-0.391667
-0.4
-0.41
-0.42
-0.43
-0.445
-0.46
-0.475
-0.4975
-0.52
-0.52
-0.52
-0.52
-0.53
-0.54
-0.55
-0.556667
-0.563333
-0.57
-0.56
-0.55
-0.54
-0.4925
-0.445
-0.398333
-0.351667
-0.305
-0.25
-0.195
-0.14
-0.085
-0.03
0.025
0.1425
0.26
0.343333
0.426667
0.51
0.585
0.66
0.735
0.771667
0.808333
0.845
0.855
0.865
0.875
0.805
0.735
0.623333
0.511667
0.4
0.258333
0.116667
-0.025
-0.128333
-0.231667
-0.335
-0.4075
-0.48
-0.476667
-0.473333
-0.47
-0.451667
-0.433333
-0.415
-0.401667
-0.388333
-0.375
-0.371667
-0.368333
-0.365
-0.375
-0.385
-0.39
-0.395
-0.4
-0.393333
-0.386667
-0.38
-0.383333
-0.386667
-0.39
-0.3825
-0.375
-0.378333
-0.381667
-0.385
-0.388333
-0.391667
-0.395
-0.398333
-0.401667
-0.405
-0.4
-0.395
-0.39
-0.385
-0.38
-0.381667
-0.383333
-0.385
-0.385
-0.385
-0.385
-0.388333
-0.391667
-0.395
-0.3975
-0.4
-0.401667
-0.403333
-0.405
-0.403333
-0.401667
-0.4
-0.396667
-0.393333
-0.39
-0.39
-0.39
-0.39
-0.3925
-0.395
-0.396667
-0.398333
-0.4
-0.396667
-0.393333
-0.39
-0.388333
-0.386667
-0.385
-0.3875
-0.39
-0.388333
-0.386667
-0.385
-0.393333
-0.401667
-0.41
-0.413333
-0.416667
-0.42
-0.415
-0.41
-0.405
-0.4075
-0.41
-0.403333
-0.396667
-0.39
-0.39
-0.39
-0.39
-0.39
-0.39
-0.39
-0.395
-0.4
-0.4
-0.4
-0.4
-0.396667
-0.393333
-0.39
-0.385
-0.38
-0.375
-0.376667
-0.378333
-0.38
-0.3875
-0.395
-0.396667
-0.398333
-0.4
-0.396667
-0.393333
-0.39
-0.393333
-0.396667
-0.4
-0.395
-0.39
-0.391667
-0.393333
-0.395
-0.4
-0.405
-0.41
-0.411667
-0.413333
-0.415
-0.411667
-0.408333
-0.405
-0.395
-0.385
-0.385
-0.385
-0.385
-0.383333
-0.381667
-0.38
-0.386667
-0.393333
-0.4
-0.4
-0.4
-0.398333
-0.396667
-0.395
-0.393333
-0.391667
-0.39
-0.386667
-0.383333
-0.38
-0.378333
-0.376667
-0.375
-0.385
-0.395
-0.395
-0.395
-0.395
-0.391667
-0.388333
-0.385
-0.383333
-0.381667
-0.38
-0.3775
-0.375
-0.378333
-0.381667
-0.385
-0.386667
-0.388333
-0.39
-0.393333
-0.396667
-0.4
-0.4
-0.4
-0.4
-0.3925
-0.385
-0.383333
-0.381667
-0.38
-0.385
-0.39
-0.395
-0.393333
-0.391667
-0.39
-0.395
-0.4
-0.398333
-0.396667
-0.395
-0.391667
-0.388333
-0.385
-0.383333
-0.381667
-0.38
-0.381667
-0.383333
-0.385
-0.39
-0.395
-0.398333
-0.401667
-0.405
-0.403333
-0.401667
-0.4
-0.396667
-0.393333
-0.39
-0.385
-0.38
-0.38
-0.38
-0.38
-0.381667
-0.383333
-0.385
-0.391667
-0.398333
-0.405
-0.401667
-0.398333
-0.395
-0.3975
-0.4
-0.396667
-0.393333
-0.39
-0.393333
-0.396667
-0.4
-0.401667
-0.403333
-0.405
-0.415
-0.425
-0.423333
-0.421667
-0.42
-0.415
-0.41
-0.405
-0.403333
-0.401667
-0.4
-0.401667
-0.403333
-0.405
-0.405
-0.405
-0.408333
-0.411667
-0.415
-0.41
-0.405
-0.4
-0.396667
-0.393333
-0.39
-0.385
-0.38
-0.381667
-0.383333
-0.385
-0.388333
-0.391667
-0.395
-0.398333
-0.401667
-0.405
-0.4
-0.395
-0.39
-0.38
-0.37
-0.37
-0.37
-0.37
-0.37
-0.37
-0.37
-0.375
-0.38
-0.385
-0.3775
-0.37
-0.365
-0.36
-0.355
-0.351667
-0.348333
-0.345
-0.343333
-0.341667
-0.34
-0.338333
-0.336667
-0.335
-0.3375
-0.34
-0.345
-0.35
-0.355
-0.348333
-0.341667
-0.335
-0.331667
-0.328333
-0.325
-0.3175
-0.31
-0.308333
-0.306667
-0.305
-0.305
-0.305
-0.305
-0.31
-0.315
-0.32
-0.318333
-0.316667
-0.315
-0.3125
-0.31
-0.308333
-0.306667
-0.305
-0.305
-0.305
-0.305
-0.313333
-0.321667
-0.33
-0.3275
-0.325
-0.331667
-0.338333
-0.345
-0.338333
-0.331667
-0.325
-0.321667
-0.318333
-0.315
-0.315
-0.315
-0.315
-0.31
-0.305
-0.306667
-0.308333
-0.31
-0.31
-0.31
-0.31
-0.306667
-0.303333
-0.3
-0.3025
-0.305
-0.305
-0.305
-0.305
-0.308333
-0.311667
-0.315
-0.316667
-0.318333
-0.32
-0.321667
-0.323333
-0.325
-0.32
-0.315
-0.311667
-0.308333
-0.305
-0.308333
-0.311667
-0.315
-0.318333
-0.321667
-0.325
-0.325
-0.325
-0.326667
-0.328333
-0.33
-0.325
-0.32
-0.315
-0.315
-0.315
-0.315
-0.313333
-0.311667
-0.31
-0.32
-0.33
-0.333333
-0.336667
-0.34
-0.338333
-0.336667
-0.335
-0.333333
-0.331667
-0.33
-0.3375
-0.345
-0.348333
-0.351667
-0.355
-0.358333
-0.361667
-0.365
-0.366667
-0.368333
-0.37
-0.361667
-0.353333
-0.345
-0.3425
-0.34
-0.34
-0.34
-0.34
-0.341667
-0.343333
-0.345
-0.35
-0.355
-0.36
-0.3625
-0.365
-0.363333
-0.361667
-0.36
-0.36
-0.36
-0.36
-0.355
-0.35
-0.345
-0.348333
-0.351667
-0.355
-0.36
-0.365
-0.36
-0.355
-0.35
-0.353333
-0.356667
-0.36
-0.356667
-0.353333
-0.35
-0.345
-0.34
-0.341667
-0.343333
-0.345
-0.348333
-0.351667
-0.355
-0.36
-0.365
-0.37
-0.363333
-0.356667
-0.35
-0.35
-0.35
-0.35
-0.35
-0.35
-0.348333
-0.346667
-0.345
-0.346667
-0.348333
-0.35
-0.3525
-0.355
-0.356667
-0.358333
-0.36
-0.355
-0.35
-0.345
-0.348333
-0.351667
-0.355
-0.353333
-0.351667
-0.35
-0.355
-0.36
-0.363333
-0.366667
-0.37
-0.365
-0.36
-0.355
-0.355
-0.355
-0.355
-0.3525
-0.35
-0.351667
-0.353333
-0.355
-0.356667
-0.358333
-0.36
-0.37
-0.38
-0.39
-0.388333
-0.386667
-0.385
-0.3725
-0.36
-0.36
-0.36
-0.36
-0.363333
-0.366667
-0.37
-0.37
-0.37
-0.37
-0.38
-0.39
-0.385
-0.38
-0.375
-0.373333
-0.371667
-0.37
-0.363333
-0.356667
-0.35
-0.346667
-0.343333
-0.34
-0.3425
-0.345
-0.35
-0.355
-0.36
-0.36
-0.36
-0.36
-0.356667
-0.353333
-0.35
-0.35
-0.35
-0.345
-0.34
-0.335
-0.343333
-0.351667
-0.36
-0.361667
-0.363333
-0.365
-0.365
-0.365
-0.365
-0.3625
-0.36
-0.36
-0.36
-0.36
-0.361667
-0.363333
-0.365
-0.368333
-0.371667
-0.375
-0.38
-0.385
-0.385
-0.385
-0.385
-0.378333
-0.371667
-0.365
-0.366667
-0.368333
-0.37
-0.371667
-0.373333
-0.375
-0.3725
-0.37
-0.371667
-0.373333
-0.375
-0.371667
-0.368333
-0.365
-0.361667
-0.358333
-0.355
-0.355
-0.355
-0.356667
-0.358333
-0.36
-0.361667
-0.363333
-0.365
-0.366667
-0.368333
-0.37
-0.366667
-0.363333
-0.36
-0.355
-0.35
-0.346667
-0.343333
-0.34
-0.341667
-0.343333
-0.345
-0.343333
-0.341667
-0.34
-0.345
-0.35
-0.348333
-0.346667
-0.345
-0.346667
-0.348333
-0.35
-0.353333
-0.356667
-0.36
-0.356667
-0.353333
-0.35
-0.355
-0.36
-0.363333
-0.366667
-0.37
-0.366667
-0.363333
-0.36
-0.36
-0.36
-0.36
-0.3575
-0.355
-0.356667
-0.358333
-0.36
-0.365
-0.37
-0.375
-0.375
-0.375
-0.375
-0.373333
-0.371667
-0.37
-0.36
-0.35
-0.351667
-0.353333
-0.355
-0.356667
-0.358333
-0.36
-0.361667
-0.363333
-0.365
-0.37
-0.375
-0.373333
-0.371667
-0.37
-0.368333
-0.366667
-0.365
-0.363333
-0.361667
-0.36
-0.358333
-0.356667
-0.355
-0.3575
-0.36
-0.36
-0.36
-0.36
-0.356667
-0.353333
-0.35
-0.346667
-0.343333
-0.34
-0.3425
-0.345
-0.345
-0.345
-0.345
-0.348333
-0.351667
-0.355
-0.356667
-0.358333
-0.36
-0.36
-0.36
-0.36
-0.3625
-0.365
-0.358333
-0.351667
-0.345
-0.348333
-0.351667
-0.355
-0.353333
-0.351667
-0.35
-0.355
-0.36
-0.358333
-0.356667
-0.355
-0.356667
-0.358333
-0.36
-0.355
-0.35
-0.345
-0.341667
-0.338333
-0.335
-0.3325
-0.33
-0.33
-0.33
-0.33
-0.323333
-0.316667
-0.31
-0.308333
-0.306667
-0.305
-0.3025
-0.3
-0.301667
-0.303333
-0.305
-0.301667
-0.298333
-0.295
-0.298333
-0.301667
-0.305
-0.298333
-0.291667
-0.285
-0.28
-0.275
-0.271667
-0.268333
-0.265
-0.261667
-0.258333
-0.255
-0.255
-0.255
-0.255
-0.2575
-0.26
-0.261667
-0.263333
-0.265
-0.261667
-0.258333
-0.255
-0.255
-0.255
-0.255
-0.256667
-0.258333
-0.26
-0.27
-0.28
-0.283333
-0.286667
-0.29
-0.286667
-0.283333
-0.28
-0.276667
-0.273333
-0.27
-0.2625
-0.255
-0.261667
-0.268333
-0.275
-0.28
-0.285
-0.29
-0.3
-0.31
-0.32
-0.313333
-0.306667
-0.3
-0.2975
-0.295
-0.286667
-0.278333
-0.27
-0.268333
-0.266667
-0.265
-0.266667
-0.268333
-0.27
-0.2775
-0.285
-0.29
-0.295
-0.3
-0.303333
-0.306667
-0.31
-0.311667
-0.313333
-0.315
-0.316667
-0.318333
-0.32
-0.335
-0.35
-0.356667
-0.363333
-0.37
-0.368333
-0.366667
-0.365
-0.365
-0.365
-0.365
-0.365
-0.365
-0.366667
-0.368333
-0.37
-0.37
-0.37
-0.37
-0.37
-0.37
-0.37
-0.373333
-0.376667
-0.38
-0.37
-0.36
-0.365
-0.37
-0.375
-0.375
-0.375
-0.375
-0.383333
-0.391667
-0.4
-0.41
-0.42
-0.415
-0.41
-0.405
-0.403333
-0.401667
-0.4
-0.395
-0.39
-0.385
-0.383333
-0.381667
-0.38
-0.39
-0.4
-0.405
-0.41
-0.415
-0.411667
-0.408333
-0.405
-0.401667
-0.398333
-0.395
-0.395
-0.395
-0.395
-0.395
-0.395
-0.4
-0.405
-0.41
-0.416667
-0.423333
-0.43
-0.433333
-0.436667
-0.44
-0.4475
-0.455
-0.466667
-0.478333
-0.49
-0.488333
-0.486667
-0.485
-0.496667
-0.508333
-0.52
-0.545
-0.57
-0.571667
-0.573333
-0.575
-0.558333
-0.541667
-0.525
-0.49
-0.455
-0.42
-0.381667
-0.343333
-0.305
-0.2475
-0.19
-0.133333
-0.0766667
-0.02
0.06
0.14
0.22
0.308333
0.396667
0.485
0.6
0.715
0.758333
0.801667
0.845
0.858333
0.871667
0.885
0.853333
0.821667
0.79
0.713333
0.636667
0.56
0.3925
0.225
0.126667
0.0283333
-0.07
-0.141667
-0.213333
-0.285
-0.331667
-0.378333
-0.425
-0.4625
-0.5
-0.516667
-0.533333
-0.55
-0.545
-0.54
-0.535
-0.523333
-0.511667
-0.5
-0.488333
-0.476667
-0.465
-0.4575
-0.45
-0.45
-0.45
-0.45
-0.445
-0.44
-0.435
-0.43
-0.425
-0.42
-0.415
-0.41
-0.41
-0.41
-0.41
-0.411667
-0.413333
-0.415
-0.416667
-0.418333
-0.42
-0.421667
-0.423333
-0.425
-0.4225
-0.42
-0.423333
-0.426667
-0.43
-0.43
-0.43
-0.43
-0.433333
-0.436667
-0.44
-0.445
-0.45
-0.45
-0.45
-0.45
-0.443333
-0.436667
-0.43
-0.43
-0.43
-0.43
-0.43
-0.43
-0.43
-0.4375
-0.445
-0.445
-0.445
-0.445
-0.443333
-0.441667
-0.44
-0.435
-0.43
-0.425
-0.4275
-0.43
-0.43
-0.43
-0.43
-0.428333
-0.426667
-0.425
-0.431667
-0.438333
-0.445
-0.445
-0.445
-0.445
-0.4375
-0.43
-0.431667
-0.433333
-0.435
-0.435
-0.435
-0.435
-0.438333
-0.441667
-0.445
-0.445
-0.445
-0.441667
-0.438333
-0.435
-0.433333
-0.431667
-0.43
-0.428333
-0.426667
-0.425
-0.426667
-0.428333
-0.43
-0.43
-0.43
-0.433333
-0.436667
-0.44
-0.433333
-0.426667
-0.42
-0.423333
-0.426667
-0.43
-0.4275
-0.425
-0.426667
-0.428333
-0.43
-0.433333
-0.436667
-0.44
-0.44
-0.44
-0.44
-0.436667
-0.433333
-0.43
-0.43
-0.43
-0.425
-0.42
-0.415
-0.418333
-0.421667
-0.425
-0.426667
-0.428333
-0.43
-0.4425
-0.455
-0.451667
-0.448333
-0.445
-0.445
-0.445
-0.445
-0.44
-0.435
-0.43
-0.43
-0.43
-0.43
-0.435
-0.44
-0.44
-0.44
-0.44
-0.438333
-0.436667
-0.435
-0.433333
-0.431667
-0.43
-0.4225
-0.415
-0.415
-0.415
-0.415
-0.418333
-0.421667
-0.425
-0.425
-0.425
-0.425
-0.423333
-0.421667
-0.42
-0.4125
-0.405
-0.405
-0.405
-0.405
-0.408333
-0.411667
-0.415
-0.415
-0.415
-0.415
-0.42
-0.425
-0.426667
-0.428333
-0.43
-0.421667
-0.413333
-0.405
-0.405
-0.405
-0.405
-0.405
-0.405
-0.405
-0.405
-0.405
-0.413333
-0.421667
-0.43
-0.425
-0.42
-0.415
-0.413333
-0.411667
-0.41
-0.4125
-0.415
-0.42
-0.425
-0.43
-0.435
-0.44
-0.445
-0.451667
-0.458333
-0.465
-0.463333
-0.461667
-0.46
-0.455
-0.45
-0.451667
-0.453333
-0.455
-0.456667
-0.458333
-0.46
-0.461667
-0.463333
-0.465
-0.475
-0.485
-0.488333
-0.491667
-0.495
-0.488333
-0.481667
-0.475
-0.48
-0.485
-0.49
-0.493333
-0.496667
-0.5
-0.4975
-0.495
-0.501667
-0.508333
-0.515
-0.51
-0.505
-0.5
-0.495
-0.49
-0.485
-0.4875
-0.49
-0.488333
-0.486667
-0.485
-0.49
-0.495
-0.5
-0.5
-0.5
-0.5
-0.496667
-0.493333
-0.49
-0.485
-0.48
-0.473333
-0.466667
-0.46
-0.46
-0.46
-0.46
-0.463333
-0.466667
-0.47
-0.4675
-0.465
-0.456667
-0.448333
-0.44
-0.436667
-0.433333
-0.43
-0.428333
-0.426667
-0.425
-0.42
-0.415
-0.41
-0.41
-0.41
-0.406667
-0.403333
-0.4
-0.396667
-0.393333
-0.39
-0.386667
-0.383333
-0.38
-0.3675
-0.355
-0.353333
-0.351667
-0.35
-0.351667
-0.353333
-0.355
-0.353333
-0.351667
-0.35
-0.346667
-0.343333
-0.34
-0.335
-0.33
-0.328333
-0.326667
-0.325
-0.318333
-0.311667
-0.305
-0.31
-0.315
-0.32
-0.3175
-0.315
-0.311667
-0.308333
-0.305
-0.303333
-0.301667
-0.3
-0.301667
-0.303333
-0.305
-0.305
-0.305
-0.305
-0.3075
-0.31
-0.316667
-0.323333
-0.33
-0.323333
-0.316667
-0.31
-0.311667
-0.313333
-0.315
-0.315
-0.315
-0.316667
-0.318333
-0.32
-0.321667
-0.323333
-0.325
-0.325
-0.325
-0.325
-0.325
-0.325
-0.325
-0.3175
-0.31
-0.31
-0.31
-0.31
-0.311667
-0.313333
-0.315
-0.318333
-0.321667
-0.325
-0.3275
-0.33
-0.328333
-0.326667
-0.325
-0.325
-0.325
-0.325
-0.321667
-0.318333
-0.315
-0.316667
-0.318333
-0.32
-0.325
-0.33
-0.331667
-0.333333
-0.335
-0.333333
-0.331667
-0.33
-0.325
-0.32
-0.315
-0.3175
-0.32
-0.32
-0.32
-0.32
-0.325
-0.33
-0.335
-0.335
-0.335
-0.335
-0.331667
-0.328333
-0.325
-0.325
-0.325
-0.323333
-0.321667
-0.32
-0.32
-0.32
-0.32
-0.321667
-0.323333
-0.325
-0.3375
-0.35
-0.348333
-0.346667
-0.345
-0.345
-0.345
-0.345
-0.341667
-0.338333
-0.335
-0.338333
-0.341667
-0.345
-0.35
-0.355
-0.355
-0.355
-0.355
-0.355
-0.355
-0.355
-0.351667
-0.348333
-0.345
-0.34
-0.335
-0.335
-0.335
-0.335
-0.338333
-0.341667
-0.345
-0.348333
-0.351667
-0.355
-0.35
-0.345
-0.34
-0.3375
-0.335
-0.333333
-0.331667
-0.33
-0.331667
-0.333333
-0.335
-0.338333
-0.341667
-0.345
-0.3475
-0.35
-0.35
-0.35
-0.35
-0.346667
-0.343333
-0.34
-0.338333
-0.336667
-0.335
-0.333333
-0.331667
-0.33
-0.345
-0.36
-0.358333
-0.356667
-0.355
-0.351667
-0.348333
-0.345
-0.341667
-0.338333
-0.335
-0.34
-0.345
-0.346667
-0.348333
-0.35
-0.353333
-0.356667
-0.36
-0.366667
-0.373333
-0.38
-0.376667
-0.373333
-0.37
-0.3575
-0.345
-0.345
-0.345
-0.345
-0.346667
-0.348333
-0.35
-0.351667
-0.353333
-0.355
-0.36
-0.365
-0.363333
-0.361667
-0.36
-0.355
-0.35
-0.345
-0.345
-0.345
-0.345
-0.346667
-0.348333
-0.35
-0.355
-0.36
-0.36
-0.36
-0.36
-0.356667
-0.353333
-0.35
-0.351667
-0.353333
-0.355
-0.3475
-0.34
-0.341667
-0.343333
-0.345
-0.348333
-0.351667
-0.355
-0.355
-0.355
-0.355
-0.355
-0.355
-0.355
-0.3475
-0.34
-0.34
-0.34
-0.34
-0.341667
-0.343333
-0.345
-0.351667
-0.358333
-0.365
-0.3675
-0.37
-0.363333
-0.356667
-0.35
-0.343333
-0.336667
-0.33
-0.326667
-0.323333
-0.32
-0.318333
-0.316667
-0.315
-0.305
-0.295
-0.298333
-0.301667
-0.305
-0.301667
-0.298333
-0.295
-0.296667
-0.298333
-0.3
-0.2925
-0.285
-0.281667
-0.278333
-0.275
-0.27
-0.265
-0.26
-0.265
-0.27
-0.275
-0.271667
-0.268333
-0.265
-0.2625
-0.26
-0.256667
-0.253333
-0.25
-0.248333
-0.246667
-0.245
-0.248333
-0.251667
-0.255
-0.26
-0.265
-0.263333
-0.261667
-0.26
-0.26
-0.26
-0.26
-0.256667
-0.253333
-0.25
-0.253333
-0.256667
-0.26
-0.27
-0.28
-0.28
-0.28
-0.28
-0.278333
-0.276667
-0.275
-0.278333
-0.281667
-0.285
-0.2825
-0.28
-0.271667
-0.263333
-0.255
-0.251667
-0.248333
-0.245
-0.245
-0.245
-0.245
-0.25
-0.255
-0.26
-0.2725
-0.285
-0.286667
-0.288333
-0.29
-0.293333
-0.296667
-0.3
-0.306667
-0.313333
-0.32
-0.3275
-0.335
-0.341667
-0.348333
-0.355
-0.353333
-0.351667
-0.35
-0.351667
-0.353333
-0.355
-0.355
-0.355
-0.355
-0.365
-0.375
-0.378333
-0.381667
-0.385
-0.383333
-0.381667
-0.38
-0.373333
-0.366667
-0.36
-0.355
-0.35
-0.353333
-0.356667
-0.36
-0.361667
-0.363333
-0.365
-0.366667
-0.368333
-0.37
-0.37
-0.37
-0.37
-0.3675
-0.365
-0.363333
-0.361667
-0.36
-0.361667
-0.363333
-0.365
-0.366667
-0.368333
-0.37
-0.3775
-0.385
-0.385
-0.385
-0.385
-0.378333
-0.371667
-0.365
-0.363333
-0.361667
-0.36
-0.366667
-0.373333
-0.38
-0.3825
-0.385
-0.388333
-0.391667
-0.395
-0.395
-0.395
-0.395
-0.391667
-0.388333
-0.385
-0.3825
-0.38
-0.385
-0.39
-0.395
-0.405
-0.415
-0.425
-0.438333
-0.451667
-0.465
-0.476667
-0.488333
-0.5
-0.5075
-0.515
-0.52
-0.525
-0.53
-0.54
-0.55
-0.56
-0.568333
-0.576667
-0.585
-0.5575
-0.53
-0.49
-0.45
-0.41
-0.358333
-0.306667
-0.255
-0.205
-0.155
-0.105
-0.035
0.035
0.105
0.23
0.355
0.436667
0.518333
0.6
0.67
0.74
0.81
0.836667
0.863333
0.89
0.86
0.83
0.746667
0.663333
0.58
0.448333
0.316667
0.185
0.055
-0.075
-0.205
-0.286667
-0.368333
-0.45
-0.4875
-0.525
-0.515
-0.505
-0.495
-0.485
-0.475
-0.465
-0.455
-0.445
-0.435
-0.425
-0.415
-0.415
-0.415
-0.415
-0.415
-0.415
-0.415
-0.41
-0.405
-0.4
-0.398333
-0.396667
-0.395
-0.4
-0.405
-0.411667
-0.418333
-0.425
-0.428333
-0.431667
-0.435
-0.428333
-0.421667
-0.415
-0.415
-0.415
-0.415
-0.415
-0.415
-0.415
-0.415
-0.415
-0.42
-0.425
-0.43
-0.426667
-0.423333
-0.42
-0.415
-0.41
-0.408333
-0.406667
-0.405
-0.41
-0.415
-0.42
-0.416667
-0.413333
-0.41
-0.415
-0.42
-0.413333
-0.406667
-0.4
-0.398333
-0.396667
-0.395
-0.391667
-0.388333
-0.385
-0.39
-0.395
-0.4
-0.4
-0.4
-0.4
-0.4
-0.4
-0.4
-0.4
-0.4
-0.398333
-0.396667
-0.395
-0.3975
-0.4
-0.4
-0.4
-0.4
-0.4
-0.4
-0.4
-0.403333
-0.406667
-0.41
-0.405
-0.4
-0.395
-0.4025
-0.41
-0.406667
-0.403333
-0.4
-0.398333
-0.396667
-0.395
-0.398333
-0.401667
-0.405
-0.4075
-0.41
-0.411667
-0.413333
-0.415
-0.411667
-0.408333
-0.405
-0.403333
-0.401667
-0.4
-0.398333
-0.396667
-0.395
-0.4
-0.405
-0.408333
-0.411667
-0.415
-0.411667
-0.408333
-0.405
-0.408333
-0.411667
-0.415
-0.4125
-0.41
-0.408333
-0.406667
-0.405
-0.405
-0.405
-0.405
-0.406667
-0.408333
-0.41
-0.408333
-0.406667
-0.405
-0.4025
-0.4
-0.398333
-0.396667
-0.395
-0.398333
-0.401667
-0.405
-0.405
-0.405
-0.405
-0.4025
-0.4
-0.398333
-0.396667
-0.395
-0.393333
-0.391667
-0.39
-0.391667
-0.393333
-0.395
-0.393333
-0.391667
-0.39
-0.3925
-0.395
-0.403333
-0.411667
-0.42
-0.418333
-0.416667
-0.415
-0.411667
-0.408333
-0.405
-0.4025
-0.4
-0.4
-0.4
-0.4
-0.405
-0.41
-0.415
-0.416667
-0.418333
-0.42
-0.416667
-0.413333
-0.41
-0.4025
-0.395
-0.396667
-0.398333
-0.4
-0.401667
-0.403333
-0.405
-0.408333
-0.411667
-0.415
-0.425
-0.435
-0.428333
-0.421667
-0.415
-0.415
-0.415
-0.415
-0.41
-0.405
-0.4
-0.401667
-0.403333
-0.405
-0.4125
-0.42
-0.423333
-0.426667
-0.43
-0.428333
-0.426667
-0.425
-0.42
-0.415
-0.41
-0.41
-0.41
-0.408333
-0.406667
-0.405
-0.408333
-0.411667
-0.415
-0.418333
-0.421667
-0.425
-0.425
-0.425
-0.425
-0.4225
-0.42
-0.416667
-0.413333
-0.41
-0.41
-0.41
-0.41
-0.413333
-0.416667
-0.42
-0.425
-0.43
-0.428333
-0.426667
-0.425
-0.423333
-0.421667
-0.42
-0.415
-0.41
-0.405
-0.408333
-0.411667
-0.415
-0.4125
-0.41
-0.41
-0.41
-0.41
-0.401667
-0.393333
-0.385
-0.38
-0.375
-0.37
-0.365
-0.36
-0.356667
-0.353333
-0.35
-0.35
-0.35
-0.35
-0.35
-0.35
-0.35
-0.345
-0.34
-0.335
-0.3275
-0.32
-0.315
-0.31
-0.305
-0.308333
-0.311667
-0.315
-0.315
-0.315
-0.315
-0.3175
-0.32
-0.315
-0.31
-0.305
-0.305
-0.305
-0.305
-0.301667
-0.298333
-0.295
-0.293333
-0.291667
-0.29
-0.2925
-0.295
-0.295
-0.295
-0.295
-0.291667
-0.288333
-0.285
-0.285
-0.285
-0.285
-0.2775
-0.27
-0.273333
-0.276667
-0.28
-0.28
-0.28
-0.28
-0.285
-0.29
-0.295
-0.29
-0.285
-0.28
-0.2825
-0.285
-0.281667
-0.278333
-0.275
-0.278333
-0.281667
-0.285
-0.288333
-0.291667
-0.295
-0.3
-0.305
-0.301667
-0.298333
-0.295
-0.291667
-0.288333
-0.285
-0.285
-0.285
-0.285
-0.286667
-0.288333
-0.29
-0.295
-0.3
-0.303333
-0.306667
-0.31
-0.305
-0.3
-0.295
-0.296667
-0.298333
-0.3
-0.295
-0.29
-0.288333
-0.286667
-0.285
-0.291667
-0.298333
-0.305
-0.306667
-0.308333
-0.31
-0.306667
-0.303333
-0.3
-0.2975
-0.295
-0.298333
-0.301667
-0.305
-0.303333
-0.301667
-0.3
-0.301667
-0.303333
-0.305
-0.3125
-0.32
-0.32
-0.32
-0.32
-0.316667
-0.313333
-0.31
-0.306667
-0.303333
-0.3
-0.303333
-0.306667
-0.31
-0.315
-0.32
-0.326667
-0.333333
-0.34
-0.336667
-0.333333
-0.33
-0.323333
-0.316667
-0.31
-0.3125
-0.315
-0.318333
-0.321667
-0.325
-0.325
-0.325
-0.325
-0.331667
-0.338333
-0.345
-0.34
-0.335
-0.33
-0.325
-0.32
-0.32
-0.32
-0.32
-0.325
-0.33
-0.335
-0.335
-0.335
-0.335
-0.345
-0.355
-0.35
-0.345
-0.34
-0.333333
-0.326667
